232242522627228
232242522627228

{-141.421356237309 -141.421356237309 -141.421356237309}
{{200 -200 0 0 0 0 0 0} {200 200 0 0 0 0 0 0} {0 0 282.842712474619 0 0 0 0 0} {0 0 0 282.842712474619 0 0 0 0} {0 0 0 0 282.842712474619 0 0 0} {0 0 0 0 0 282.842712474619 0 0} {0 0 0 0 0 0 282.842712474619 0} {0 0 0 0 0 0 0 282.842712474619}}
{-200 -1.4210854715202e-14 -141.421356237309}
{{141.421356237309 -200 -141.421356237309 0 0 0 0 0} {141.421356237309 200 -141.421356237309 0 0 0 0 0} {200 0 200 0 0 0 0 0} {0 0 0 282.842712474619 0 0 0 0} {0 0 0 0 282.842712474619 0 0 0} {0 0 0 0 0 282.842712474619 0 0} {0 0 0 0 0 0 282.842712474619 0} {0 0 0 0 0 0 0 282.842712474619}}
{-241.421356237309 -1.4210854715202e-14 41.4213562373095}
{{-41.4213562373095 -241.421356237309 -141.421356237309 0 0 0 0 0} {241.421356237309 41.4213562373095 -141.421356237309 0 0 0 0 0} {141.421356237309 -141.421356237309 200 0 0 0 0 0} {0 0 0 282.842712474619 0 0 0 0} {0 0 0 0 282.842712474619 0 0 0} {0 0 0 0 0 282.842712474619 0 0} {0 0 0 0 0 0 282.842712474619 0} {0 0 0 0 0 0 0 282.842712474619}}
{-170.710678118655 170.710678118655 41.4213562373095}
{{-200 -141.42135623731 -141.421356237309 0 0 0 0 0} {200 -141.421356237309 -141.421356237309 0 0 0 0 0} {2.8421709430404e-14 -200 200 0 0 0 0 0} {0 0 0 282.842712474619 0 0 0 0} {0 0 0 0 282.842712474619 0 0 0} {0 0 0 0 0 282.842712474619 0 0} {0 0 0 0 0 0 282.842712474619 0} {0 0 0 0 0 0 0 282.842712474619}}
{-4.2632564145606e-14 241.421356237309 41.4213562373095}
{{-141.421356237309 -141.42135623731 -141.421356237309 141.421356237309 0 0 0 0} {141.421356237309 -141.421356237309 -141.421356237309 -141.421356237309 0 0 0 0} {2.00971834711523e-14 -200 200 -2.00971834711523e-14 0 0 0 0} {200 0 0 200 0 0 0 0} {0 0 0 0 282.842712474619 0 0 0} {0 0 0 0 0 282.842712474619 0 0} {0 0 0 0 0 0 282.842712474619 0} {0 0 0 0 0 0 0 282.842712474619}}
{-100 241.421356237309 41.4213562373095}
{{-200 -5.6843418860808e-14 -141.421356237309 141.421356237309 0 0 0 0} {2.8421709430404e-14 -200 -141.421356237309 -141.421356237309 0 0 0 0} {-141.421356237309 -141.42135623731 200 -2.00971834711523e-14 0 0 0 0} {141.421356237309 -141.421356237309 0 200 0 0 0 0} {0 0 0 0 282.842712474619 0 0 0} {0 0 0 0 0 282.842712474619 0 0} {0 0 0 0 0 0 282.842712474619 0} {0 0 0 0 0 0 0 282.842712474619}}
{100 241.421356237309 41.4213562373095}
{{-141.421356237309 -5.6843418860808e-14 -141.421356237309 141.421356237309 141.421356237309 0 0 0} {2.00971834711523e-14 -200 -141.421356237309 -141.421356237309 -2.00971834711523e-14 0 0 0} {-100 -141.42135623731 200 -2.00971834711523e-14 100 0 0 0} {100 -141.421356237309 0 200 -100 0 0 0} {200 0 0 0 200 0 0 0} {0 0 0 0 0 282.842712474619 0 0} {0 0 0 0 0 0 282.842712474619 0} {0 0 0 0 0 0 0 282.842712474619}}
{-29.2893218813452 241.421356237309 41.4213562373095}
{{-100 99.9999999999999 -141.421356237309 141.421356237309 141.421356237309 0 0 0} {-141.421356237309 -141.42135623731 -141.421356237309 -141.421356237309 -2.00971834711523e-14 0 0 0} {-170.710678118655 -29.2893218813453 200 -2.00971834711523e-14 100 0 0 0} {-29.2893218813452 -170.710678118655 0 200 -100 0 0 0} {141.421356237309 -141.421356237309 0 0 200 0 0 0} {0 0 0 0 0 282.842712474619 0 0} {0 0 0 0 0 0 282.842712474619 0} {0 0 0 0 0 0 0 282.842712474619}}
{150 191.42135623731 41.4213562373095}
{{-8.5265128291212e-14 141.421356237309 -141.421356237309 141.421356237309 141.421356237309 0 0 0} {-200 -5.6843418860808e-14 -141.421356237309 -141.421356237309 -2.00971834711523e-14 0 0 0} {-141.42135623731 100 200 -2.00971834711523e-14 100 0 0 0} {-141.421356237309 -100 0 200 -100 0 0 0} {2.8421709430404e-14 -200 0 0 200 0 0 0} {0 0 0 0 0 282.842712474619 0 0} {0 0 0 0 0 0 282.842712474619 0} {0 0 0 0 0 0 0 282.842712474619}}
{241.42135623731 29.2893218813453 41.4213562373095}
{{-6.0291550413457e-14 141.421356237309 -141.421356237309 141.421356237309 141.421356237309 6.0291550413457e-14 0 0} {-141.421356237309 -5.6843418860808e-14 -141.421356237309 -141.421356237309 -2.00971834711523e-14 141.421356237309 0 0} {-100 100 200 -2.00971834711523e-14 100 100 0 0} {-99.9999999999999 -100 0 200 -100 99.9999999999999 0 0} {2.00971834711523e-14 -200 0 0 200 -2.00971834711523e-14 0 0} {200 0 0 0 0 200 0 0} {0 0 0 0 0 0 282.842712474619 0} {0 0 0 0 0 0 0 282.842712474619}}
{70.7106781186548 29.2893218813453 41.4213562373095}
{{99.9999999999999 100 -141.421356237309 141.421356237309 141.421356237309 6.0291550413457e-14 0 0} {-100 99.9999999999999 -141.421356237309 -141.421356237309 -2.00971834711523e-14 141.421356237309 0 0} {-7.105427357601e-14 141.42135623731 200 -2.00971834711523e-14 100 100 0 0} {-141.421356237309 -4.2632564145606e-14 0 200 -100 99.9999999999999 0 0} {-141.421356237309 -141.42135623731 0 0 200 -2.00971834711523e-14 0 0} {141.421356237309 -141.421356237309 0 0 0 200 0 0} {0 0 0 0 0 0 282.842712474619 0} {0 0 0 0 0 0 0 282.842712474619}}
{70.7106781186548 -29.2893218813452 41.4213562373095}
{{70.7106781186547 100 -141.421356237309 141.421356237309 141.421356237309 6.0291550413457e-14 -70.7106781186547 0} {-70.7106781186548 99.9999999999999 -141.421356237309 -141.421356237309 -2.00971834711523e-14 141.421356237309 70.7106781186548 0} {-5.02429586778808e-14 141.42135623731 200 -2.00971834711523e-14 100 100 5.02429586778808e-14 0} {-100 -4.2632564145606e-14 0 200 -100 99.9999999999999 100 0} {-100 -141.42135623731 0 0 200 -2.00971834711523e-14 100 0} {100 -141.421356237309 0 0 0 200 -100 0} {200 0 0 0 0 0 200 0} {0 0 0 0 0 0 0 282.842712474619}}
{-49.9999999999999 -29.2893218813452 41.4213562373095}
{{120.710678118655 20.7106781186548 -141.421356237309 141.421356237309 141.421356237309 6.0291550413457e-14 -70.7106781186547 0} {20.7106781186547 120.710678118655 -141.421356237309 -141.421356237309 -2.00971834711523e-14 141.421356237309 70.7106781186548 0} {100 100 200 -2.00971834711523e-14 100 100 5.02429586778808e-14 0} {-70.7106781186548 70.7106781186547 0 200 -100 99.9999999999999 100 0} {-170.710678118655 -29.2893218813453 0 0 200 -2.00971834711523e-14 100 0} {-29.2893218813452 -170.710678118655 0 0 0 200 -100 0} {141.421356237309 -141.421356237309 0 0 0 0 200 0} {0 0 0 0 0 0 0 282.842712474619}}
{-56.066017177982 14.6446609406726 41.4213562373095}
{{100 -70.7106781186547 -141.421356237309 141.421356237309 141.421356237309 6.0291550413457e-14 -70.7106781186547 0} {99.9999999999999 70.7106781186548 -141.421356237309 -141.421356237309 -2.00971834711523e-14 141.421356237309 70.7106781186548 0} {141.42135623731 7.105427357601e-14 200 -2.00971834711523e-14 100 100 5.02429586778808e-14 0} {-5.6843418860808e-14 100 0 200 -100 99.9999999999999 100 0} {-141.42135623731 100 0 0 200 -2.00971834711523e-14 100 0} {-141.421356237309 -100 0 0 0 200 -100 0} {2.8421709430404e-14 -200 0 0 0 0 200 0} {0 0 0 0 0 0 0 282.842712474619}}
{-29.2893218813452 49.9999999999999 41.4213562373095}
{{70.7106781186548 -70.7106781186547 -141.421356237309 141.421356237309 141.421356237309 6.0291550413457e-14 -70.7106781186547 -70.7106781186548} {70.7106781186547 70.7106781186548 -141.421356237309 -141.421356237309 -2.00971834711523e-14 141.421356237309 70.7106781186548 -70.7106781186547} {100 7.105427357601e-14 200 -2.00971834711523e-14 100 100 5.02429586778808e-14 -100} {-4.01943669423046e-14 100 0 200 -100 99.9999999999999 100 4.01943669423046e-14} {-100 100 0 0 200 -2.00971834711523e-14 100 100} {-99.9999999999999 -100 0 0 0 200 -100 99.9999999999999} {2.00971834711523e-14 -200 0 0 0 0 200 -2.00971834711523e-14} {200 0 0 0 0 0 0 200}}
{-120.710678118655 49.9999999999999 41.4213562373095}
{{7.105427357601e-14 -100 -141.421356237309 141.421356237309 141.421356237309 6.0291550413457e-14 -70.7106781186547 -70.7106781186548} {100 7.8159700933611e-14 -141.421356237309 -141.421356237309 -2.00971834711523e-14 141.421356237309 70.7106781186548 -70.7106781186547} {70.7106781186548 -70.7106781186547 200 -2.00971834711523e-14 100 100 5.02429586778808e-14 -100} {70.7106781186547 70.7106781186548 0 200 -100 99.9999999999999 100 4.01943669423046e-14} {-7.105427357601e-14 141.42135623731 0 0 200 -2.00971834711523e-14 100 100} {-141.421356237309 -4.2632564145606e-14 0 0 0 200 -100 99.9999999999999} {-141.421356237309 -141.42135623731 0 0 0 0 200 -2.00971834711523e-14} {141.421356237309 -141.421356237309 0 0 0 0 0 200}}
{-50 120.710678118655 41.4213562373095}
{{-99.9999999999999 -100 -100 141.421356237309 141.421356237309 6.0291550413457e-14 -70.7106781186547 -70.7106781186548} {-29.2893218813452 7.8159700933611e-14 -170.710678118655 -141.421356237309 -2.00971834711523e-14 141.421356237309 70.7106781186548 -70.7106781186547} {191.42135623731 -70.7106781186547 91.4213562373094 -2.00971834711523e-14 100 100 5.02429586778808e-14 -100} {50 70.7106781186548 -50 200 -100 99.9999999999999 100 4.01943669423046e-14} {-5.02429586778808e-14 141.42135623731 5.02429586778808e-14 0 200 -2.00971834711523e-14 100 100} {-100 -4.2632564145606e-14 100 0 0 200 -100 99.9999999999999} {-100 -141.42135623731 100 0 0 0 200 -2.00971834711523e-14} {100 -141.421356237309 -100 0 0 0 0 200}}
{-6.06601717798218 120.710678118655 64.6446609406727}
{{-141.421356237309 -5.6843418860808e-14 -100 141.421356237309 141.421356237309 6.0291550413457e-14 -70.7106781186547 -70.7106781186548} {-20.7106781186547 20.7106781186548 -170.710678118655 -141.421356237309 -2.00971834711523e-14 141.421356237309 70.7106781186548 -70.7106781186547} {85.3553390593274 -185.355339059327 91.4213562373094 -2.00971834711523e-14 100 100 5.02429586778808e-14 -100} {85.3553390593274 14.6446609406727 -50 200 -100 99.9999999999999 100 4.01943669423046e-14} {100 100 5.02429586778808e-14 0 200 -2.00971834711523e-14 100 100} {-70.7106781186548 70.7106781186547 100 0 0 200 -100 99.9999999999999} {-170.710678118655 -29.2893218813453 100 0 0 0 200 -2.00971834711523e-14} {-29.2893218813452 -170.710678118655 -100 0 0 0 0 200}}
{81.066017177982 89.6446609406726 64.6446609406727}
{{-100 99.9999999999999 -100 141.421356237309 141.421356237309 6.0291550413457e-14 -70.7106781186547 -70.7106781186548} {7.63833440942108e-14 29.2893218813452 -170.710678118655 -141.421356237309 -2.00971834711523e-14 141.421356237309 70.7106781186548 -70.7106781186547} {-70.7106781186547 -191.42135623731 91.4213562373094 -2.00971834711523e-14 100 100 5.02429586778808e-14 -100} {70.7106781186548 -50 -50 200 -100 99.9999999999999 100 4.01943669423046e-14} {141.42135623731 7.105427357601e-14 5.02429586778808e-14 0 200 -2.00971834711523e-14 100 100} {-5.6843418860808e-14 100 100 0 0 200 -100 99.9999999999999} {-141.42135623731 100 100 0 0 0 200 -2.00971834711523e-14} {-141.421356237309 -100 -100 0 0 0 0 200}}
{120.710678118655 6.06601717798222 64.6446609406727}
{{29.2893218813452 99.9999999999999 -100 170.710678118655 141.421356237309 6.0291550413457e-14 -70.7106781186547 -70.7106781186548} {-99.9999999999999 29.2893218813452 -170.710678118655 -100 -2.00971834711523e-14 141.421356237309 70.7106781186548 -70.7106781186547} {-50 -191.42135623731 91.4213562373094 49.9999999999999 100 100 5.02429586778808e-14 -100} {191.42135623731 -50 -50 91.4213562373095 -100 99.9999999999999 100 4.01943669423046e-14} {100 7.105427357601e-14 5.02429586778808e-14 -100 200 -2.00971834711523e-14 100 100} {-4.01943669423046e-14 100 100 4.01943669423046e-14 0 200 -100 99.9999999999999} {-100 100 100 100 0 0 200 -2.00971834711523e-14} {-99.9999999999999 -100 -100 99.9999999999999 0 0 0 200}}
{14.6446609406726 6.06601717798222 64.6446609406727}
{{91.4213562373094 50 -100 170.710678118655 141.421356237309 6.0291550413457e-14 -70.7106781186547 -70.7106781186548} {-50 91.4213562373094 -170.710678118655 -100 -2.00971834711523e-14 141.421356237309 70.7106781186548 -70.7106781186547} {-170.710678118655 -100 91.4213562373094 49.9999999999999 100 100 5.02429586778808e-14 -100} {100 -170.710678118655 -50 91.4213562373095 -100 99.9999999999999 100 4.01943669423046e-14} {70.7106781186548 -70.7106781186547 5.02429586778808e-14 -100 200 -2.00971834711523e-14 100 100} {70.7106781186547 70.7106781186548 100 4.01943669423046e-14 0 200 -100 99.9999999999999} {-7.105427357601e-14 141.42135623731 100 100 0 0 200 -2.00971834711523e-14} {-141.421356237309 -4.2632564145606e-14 -100 99.9999999999999 0 0 0 200}}
{14.6446609406727 -6.06601717798205 64.6446609406727}
{{164.644660940673 50 -100 170.710678118655 35.3553390593274 6.0291550413457e-14 -70.7106781186547 -70.7106781186548} {-35.3553390593274 91.4213562373094 -170.710678118655 -100 35.3553390593273 141.421356237309 70.7106781186548 -70.7106781186547} {-50.0000000000001 -100 91.4213562373094 49.9999999999999 191.421356237309 100 5.02429586778808e-14 -100} {5.6843418860808e-14 -170.710678118655 -50 91.4213562373095 -141.42135623731 99.9999999999999 100 4.01943669423046e-14} {191.42135623731 -70.7106781186547 5.02429586778808e-14 -100 91.4213562373094 -2.00971834711523e-14 100 100} {50 70.7106781186548 100 4.01943669423046e-14 -50 200 -100 99.9999999999999} {-5.02429586778808e-14 141.42135623731 100 100 5.02429586778808e-14 0 200 -2.00971834711523e-14} {-100 -4.2632564145606e-14 -100 99.9999999999999 100 0 0 200}}
{-110.355339059327 -6.06601717798205 64.6446609406727}
{{151.776695296637 -81.0660171779821 -100 170.710678118655 35.3553390593274 6.0291550413457e-14 -70.7106781186547 -70.7106781186548} {39.6446609406726 89.6446609406726 -170.710678118655 -100 35.3553390593273 141.421356237309 70.7106781186548 -70.7106781186547} {-106.066017177982 -35.3553390593274 91.4213562373094 49.9999999999999 191.421356237309 100 5.02429586778808e-14 -100} {-120.710678118655 -120.710678118655 -50 91.4213562373095 -141.42135623731 99.9999999999999 100 4.01943669423046e-14} {85.3553390593274 -185.355339059327 5.02429586778808e-14 -100 91.4213562373094 -2.00971834711523e-14 100 100} {85.3553390593274 14.6446609406727 100 4.01943669423046e-14 -50 200 -100 99.9999999999999} {100 100 100 100 5.02429586778808e-14 0 200 -2.00971834711523e-14} {-70.7106781186548 70.7106781186547 -100 99.9999999999999 100 0 0 200}}
{-82.3223304703362 73.7436867076458 64.6446609406727}
{{50 -164.644660940673 -100 170.710678118655 35.3553390593274 6.0291550413457e-14 -70.7106781186547 -70.7106781186548} {91.4213562373094 35.3553390593274 -170.710678118655 -100 35.3553390593273 141.421356237309 70.7106781186548 -70.7106781186547} {-100 50.0000000000001 91.4213562373094 49.9999999999999 191.421356237309 100 5.02429586778808e-14 -100} {-170.710678118655 -8.5265128291212e-14 -50 91.4213562373095 -141.42135623731 99.9999999999999 100 4.01943669423046e-14} {-70.7106781186547 -191.42135623731 5.02429586778808e-14 -100 91.4213562373094 -2.00971834711523e-14 100 100} {70.7106781186548 -50 100 4.01943669423046e-14 -50 200 -100 99.9999999999999} {141.42135623731 7.105427357601e-14 100 100 5.02429586778808e-14 0 200 -2.00971834711523e-14} {-5.6843418860808e-14 100 -100 99.9999999999999 100 0 0 200}}
{-6.06601717798208 110.355339059327 64.6446609406727}
{{35.3553390593274 -164.644660940673 -100 170.710678118655 35.3553390593274 -35.3553390593273 -70.7106781186547 -70.7106781186548} {164.644660940673 35.3553390593274 -170.710678118655 -100 35.3553390593273 35.3553390593274 70.7106781186548 -70.7106781186547} {-7.105427357601e-14 50.0000000000001 91.4213562373094 49.9999999999999 191.421356237309 141.42135623731 5.02429586778808e-14 -100} {-50 -8.5265128291212e-14 -50 91.4213562373095 -141.42135623731 191.421356237309 100 4.01943669423046e-14} {-50 -191.42135623731 5.02429586778808e-14 -100 91.4213562373094 49.9999999999999 100 100} {191.42135623731 -50 100 4.01943669423046e-14 -50 91.4213562373095 -100 99.9999999999999} {100 7.105427357601e-14 100 100 5.02429586778808e-14 -100 200 -2.00971834711523e-14} {-4.01943669423046e-14 100 -100 99.9999999999999 100 4.01943669423046e-14 0 200}}
{-195.710678118655 110.355339059327 64.6446609406727}
{{-91.4213562373094 -141.421356237309 -100 170.710678118655 35.3553390593274 -35.3553390593273 -70.7106781186547 -70.7106781186548} {141.421356237309 -91.4213562373094 -170.710678118655 -100 35.3553390593273 35.3553390593274 70.7106781186548 -70.7106781186547} {35.3553390593274 35.3553390593275 91.4213562373094 49.9999999999999 191.421356237309 141.42135623731 5.02429586778808e-14 -100} {-35.3553390593275 35.3553390593273 -50 91.4213562373095 -141.42135623731 191.421356237309 100 4.01943669423046e-14} {-170.710678118655 -100 5.02429586778808e-14 -100 91.4213562373094 49.9999999999999 100 100} {100 -170.710678118655 100 4.01943669423046e-14 -50 91.4213562373095 -100 99.9999999999999} {70.7106781186548 -70.7106781186547 100 100 5.02429586778808e-14 -100 200 -2.00971834711523e-14} {70.7106781186547 70.7106781186548 -100 99.9999999999999 100 4.01943669423046e-14 0 200}}
{-60.3553390593274 216.421356237309 64.6446609406727}
{{-114.644660940673 -141.421356237309 -100 170.710678118655 35.3553390593274 -35.3553390593273 14.6446609406726 -70.7106781186548} {150 -91.4213562373094 -170.710678118655 -100 35.3553390593273 35.3553390593274 -49.9999999999999 -70.7106781186547} {25 35.3553390593275 91.4213562373094 49.9999999999999 191.421356237309 141.42135623731 -25 -100} {45.7106781186546 35.3553390593273 -50 91.4213562373095 -141.42135623731 191.421356237309 95.7106781186548 4.01943669423046e-14} {-50.0000000000001 -100 5.02429586778808e-14 -100 91.4213562373094 49.9999999999999 191.421356237309 100} {5.6843418860808e-14 -170.710678118655 100 4.01943669423046e-14 -50 91.4213562373095 -141.42135623731 99.9999999999999} {191.42135623731 -70.7106781186547 100 100 5.02429586778808e-14 -100 91.4213562373094 -2.00971834711523e-14} {50 70.7106781186548 -100 99.9999999999999 100 4.01943669423046e-14 -50 200}}
{-148.743686707646 216.421356237309 64.6446609406727}
{{-181.066017177982 -18.9339828220179 -100 170.710678118655 35.3553390593274 -35.3553390593273 14.6446609406726 -70.7106781186548} {41.4213562373096 -170.710678118655 -170.710678118655 -100 35.3553390593273 35.3553390593274 -49.9999999999999 -70.7106781186547} {42.6776695296638 7.32233047033636 91.4213562373094 49.9999999999999 191.421356237309 141.42135623731 -25 -100} {57.3223304703362 -7.32233047033625 -50 91.4213562373095 -141.42135623731 191.421356237309 95.7106781186548 4.01943669423046e-14} {-106.066017177982 -35.3553390593274 5.02429586778808e-14 -100 91.4213562373094 49.9999999999999 191.421356237309 100} {-120.710678118655 -120.710678118655 100 4.01943669423046e-14 -50 91.4213562373095 -141.42135623731 99.9999999999999} {85.3553390593274 -185.355339059327 100 100 5.02429586778808e-14 -100 91.4213562373094 -2.00971834711523e-14} {85.3553390593274 14.6446609406727 -100 99.9999999999999 100 4.01943669423046e-14 -50 200}}
{47.8553390593273 258.210678118655 64.6446609406727}
{{-141.42135623731 114.644660940672 -100 170.710678118655 35.3553390593274 -35.3553390593273 14.6446609406726 -70.7106781186548} {-91.4213562373094 -150 -170.710678118655 -100 35.3553390593273 35.3553390593274 -49.9999999999999 -70.7106781186547} {35.3553390593275 -25 91.4213562373094 49.9999999999999 191.421356237309 141.42135623731 -25 -100} {35.3553390593274 -45.7106781186546 -50 91.4213562373095 -141.42135623731 191.421356237309 95.7106781186548 4.01943669423046e-14} {-100 50.0000000000001 5.02429586778808e-14 -100 91.4213562373094 49.9999999999999 191.421356237309 100} {-170.710678118655 -8.5265128291212e-14 100 4.01943669423046e-14 -50 91.4213562373095 -141.42135623731 99.9999999999999} {-70.7106781186547 -191.42135623731 100 100 5.02429586778808e-14 -100 91.4213562373094 -2.00971834711523e-14} {70.7106781186548 -50 -100 99.9999999999999 100 4.01943669423046e-14 -50 200}}
{216.421356237309 148.743686707646 64.6446609406727}
{{-150 114.644660940672 -100 170.710678118655 35.3553390593274 -35.3553390593273 14.6446609406726 50} {-114.644660940673 -150 -170.710678118655 -100 35.3553390593273 35.3553390593274 -49.9999999999999 14.6446609406726} {-45.7106781186547 -25 91.4213562373094 49.9999999999999 191.421356237309 141.42135623731 -25 -95.7106781186548} {25 -45.7106781186546 -50 91.4213562373095 -141.42135623731 191.421356237309 95.7106781186548 -25} {-7.105427357601e-14 50.0000000000001 5.02429586778808e-14 -100 91.4213562373094 49.9999999999999 191.421356237309 141.42135623731} {-50 -8.5265128291212e-14 100 4.01943669423046e-14 -50 91.4213562373095 -141.42135623731 191.421356237309} {-50 -191.42135623731 100 100 5.02429586778808e-14 -100 91.4213562373094 49.9999999999999} {191.42135623731 -50 -100 99.9999999999999 100 4.01943669423046e-14 -50 91.4213562373095}}
{96.9669914110089 148.743686707646 64.6446609406727}
