989.601685880785
-989.601685880785
-2590.81084896009
-3202.41832615861
-2590.81084896009
-989.601685880785
892.732577906395
-708.476585172912
-2590.81084896009
-1427.4642957511
173.744867328203
2056.07913111538
454.869968036076
-1427.4642957511
-2039.07177294963
-437.862609870319
1444.47165391686
-156.737509162446
-2039.07177294963
-3202.41832615861
-1601.20916307931
-989.601685880785
173.744867328203
-437.862609870319
-1601.20916307931
281.125100707874
892.732577906396
2056.07913111538
1444.47165391686
281.125100707874
-1320.08406237143
-708.476585172911
454.869968036076
-156.737509162446
-1320.08406237143
-3202.41832615861
-3202.41832615861
-2590.81084896009
-989.601685880785
892.732577906395
-708.476585172912
-2590.81084896009
-1427.4642957511
173.744867328203
2056.07913111538
454.869968036076
-1427.4642957511
-2039.07177294963
-437.862609870319
1444.47165391686
-156.737509162446
-2039.07177294963
-3202.41832615861
-1601.20916307931
-989.601685880785
173.744867328203
-437.862609870319
-1601.20916307931
281.125100707874
892.732577906396
2056.07913111538
1444.47165391686
281.125100707874
-1320.08406237143
-708.476585172911
454.869968036076
-156.737509162446
-1320.08406237143
-3202.41832615861
-2590.81084896009
-1979.20337176157
-377.994208682263
1504.34005510492
-96.8691079743896
-1979.20337176157
-815.856818552582
785.352344526725
2667.68660831391
1066.4774452346
-815.856818552582
-1427.4642957511
173.744867328203
2056.07913111538
454.869968036076
-1427.4642957511
-2590.81084896009
-989.601685880785
-377.994208682263
785.352344526725
173.744867328203
-989.601685880785
892.732577906395
1504.34005510492
2667.68660831391
2056.07913111538
892.732577906396
-708.476585172911
-96.8691079743894
1066.4774452346
454.869968036076
-708.476585172911
-2590.81084896009
-2590.81084896009
-1979.20337176157
-2590.81084896009
-2590.81084896009
-1979.20337176157
-1979.20337176157
-377.994208682263
1504.34005510492
-96.8691079743901
-1979.20337176157
-815.856818552582
785.352344526725
2667.6866083139
1066.4774452346
-815.856818552582
-1427.4642957511
-1427.4642957511
-815.856818552582
-815.856818552582
-1427.4642957511
-2039.07177294963
-2039.07177294963
-1427.4642957511
-1427.4642957511
173.744867328203
2056.07913111538
454.869968036076
-1427.4642957511
-2590.81084896009
-989.601685880785
-1601.20916307931
-1601.20916307931
-989.601685880785
-989.601685880785
-377.994208682263
-989.601685880784
-989.601685880784
-377.994208682263
-377.994208682263
785.352344526725
173.744867328203
173.744867328204
785.352344526725
785.352344526725
173.744867328203
-437.862609870319
-437.862609870318
173.744867328203
173.744867328203
-989.601685880785
892.732577906395
281.125100707874
281.125100707874
892.732577906396
892.732577906395
1504.34005510492
892.732577906396
892.732577906396
1504.34005510492
1504.34005510492
2667.68660831391
2056.07913111538
2056.07913111538
2667.68660831391
2667.68660831391
2056.07913111538
1444.47165391686
1444.47165391686
2056.07913111538
2056.07913111538
892.732577906396
-708.476585172911
-1320.08406237143
-1320.08406237143
-708.476585172911
-708.476585172911
-96.8691079743893
-708.476585172911
-708.476585172911
-96.8691079743892
-96.8691079743893
1066.4774452346
454.869968036077
454.869968036077
1066.4774452346
1066.4774452346
454.869968036076
-156.737509162445
-156.737509162445
454.869968036077
454.869968036076
-708.476585172911
-2590.81084896009
-3754.15740216908
-4365.7648793676
-3754.15740216908
-2152.94823908977
-270.613975302592
-1871.8231383819
-3754.15740216908
-2590.81084896009
-989.601685880785
892.732577906395
-708.476585172912
-2590.81084896009
-3202.41832615861
-1601.20916307931
281.125100707873
-1320.08406237143
-3202.41832615861
-4365.7648793676
-2764.55571628829
-2152.94823908977
-989.601685880785
-1601.20916307931
-2764.5557162883
-882.221452501115
-270.613975302593
892.732577906395
281.125100707873
-882.221452501115
-2483.43061558042
-1871.8231383819
-708.476585172912
-1320.08406237143
-2483.43061558042
-4365.7648793676
-4365.7648793676
-3754.15740216908
-2152.94823908977
-270.613975302592
-1871.8231383819
-3754.15740216908
-2590.81084896009
-989.601685880785
892.732577906395
-708.476585172912
-2590.81084896009
-3202.41832615861
-1601.20916307931
281.125100707873
-1320.08406237143
-3202.41832615861
-4365.7648793676
-2764.55571628829
-2152.94823908977
-989.601685880785
-1601.20916307931
-2764.5557162883
-882.221452501115
-270.613975302593
892.732577906395
281.125100707873
-882.221452501115
-2483.43061558042
-1871.8231383819
-708.476585172912
-1320.08406237143
-2483.43061558042
-4365.7648793676
-3754.15740216908
-3142.54992497056
-1541.34076189125
340.993501895929
-1260.21566118338
-3142.54992497056
-1979.20337176157
-377.994208682263
1504.34005510492
-96.8691079743901
-1979.20337176157
-2590.81084896009
-989.601685880785
892.732577906395
-708.476585172912
-2590.81084896009
-3754.15740216908
-2152.94823908977
-1541.34076189125
-377.994208682263
-989.601685880785
-2152.94823908977
-270.613975302593
340.993501895929
1504.34005510492
892.732577906395
-270.613975302593
-1871.8231383819
-1260.21566118338
-96.8691079743903
-708.476585172912
-1871.8231383819
-3754.15740216908
-3754.15740216908
-3142.54992497056
-3754.15740216908
-3754.15740216908
-3142.54992497056
-3142.54992497056
-1541.34076189125
340.993501895929
-1260.21566118338
-3142.54992497056
-1979.20337176157
-377.994208682263
1504.34005510492
-96.8691079743901
-1979.20337176157
-2590.81084896009
-2590.81084896009
-1979.20337176157
-1979.20337176157
-2590.81084896009
-3202.41832615861
-3202.41832615861
-2590.81084896009
-2590.81084896009
-989.601685880785
892.732577906395
-708.476585172912
-2590.81084896009
-3754.15740216908
-2152.94823908977
-2764.5557162883
-2764.5557162883
-2152.94823908977
-2152.94823908977
-1541.34076189125
-2152.94823908977
-2152.94823908977
-1541.34076189125
-1541.34076189125
-377.994208682263
-989.601685880785
-989.601685880785
-377.994208682263
-377.994208682263
-989.601685880785
-1601.20916307931
-1601.20916307931
-989.601685880785
-989.601685880785
-2152.94823908977
-270.613975302593
-882.221452501115
-882.221452501115
-270.613975302593
-270.613975302593
340.993501895929
-270.613975302593
-270.613975302593
340.993501895929
340.993501895929
1504.34005510492
892.732577906395
892.732577906395
1504.34005510492
1504.34005510492
892.732577906394
281.125100707873
281.125100707873
892.732577906395
892.732577906394
-270.613975302593
-1871.8231383819
-2483.43061558042
-2483.43061558042
-1871.8231383819
-1871.8231383819
-1260.21566118338
-1871.8231383819
-1871.8231383819
-1260.21566118338
-1260.21566118338
-96.869107974391
-708.476585172913
-708.476585172913
-96.8691079743909
-96.869107974391
-708.476585172913
-1320.08406237143
-1320.08406237143
-708.476585172913
-708.476585172913
-1871.8231383819
-3754.15740216908
-2152.94823908977
-2764.5557162883
-2152.94823908977
-551.739076010467
1330.59518777671
-270.613975302594
-2152.94823908977
-989.601685880786
611.607477198521
2493.9417409857
892.732577906394
-989.601685880786
-1601.20916307931
-6.82121026329696e-13
1882.33426378718
281.125100707872
-1601.20916307931
-2764.5557162883
-1163.34655320899
-551.739076010467
611.607477198521
-6.82121026329696e-13
-1163.34655320899
718.987710578192
1330.59518777671
2493.9417409857
1882.33426378718
718.987710578192
-882.221452501115
-270.613975302593
892.732577906394
281.125100707872
-882.221452501115
-2764.5557162883
-2764.5557162883
-2152.94823908977
-551.739076010467
1330.59518777671
-270.613975302594
-2152.94823908977
-989.601685880786
611.607477198521
2493.9417409857
892.732577906394
-989.601685880786
-1601.20916307931
-6.82121026329696e-13
1882.33426378718
281.125100707872
-1601.20916307931
-2764.5557162883
-1163.34655320899
-551.739076010467
611.607477198521
-6.82121026329696e-13
-1163.34655320899
718.987710578192
1330.59518777671
2493.9417409857
1882.33426378718
718.987710578192
-882.221452501115
-270.613975302593
892.732577906394
281.125100707872
-882.221452501115
-2764.5557162883
-2152.94823908977
-1541.34076189125
59.8684011880553
1942.20266497524
340.993501895928
-1541.34076189125
-377.994208682264
1223.21495439704
3105.54921818422
1504.34005510492
-377.994208682264
-989.601685880786
611.607477198521
2493.9417409857
892.732577906394
-989.601685880786
-2152.94823908977
-551.739076010467
59.8684011880553
1223.21495439704
611.607477198521
-551.739076010467
1330.59518777671
1942.20266497524
3105.54921818422
2493.9417409857
1330.59518777671
-270.613975302593
340.993501895929
1504.34005510492
892.732577906394
-270.613975302593
-2152.94823908977
-2152.94823908977
-1541.34076189125
-2152.94823908977
-2152.94823908977
-1541.34076189125
-1541.34076189125
59.8684011880548
1942.20266497523
340.993501895928
-1541.34076189125
-377.994208682264
1223.21495439704
3105.54921818422
1504.34005510492
-377.994208682264
-989.601685880786
-989.601685880786
-377.994208682264
-377.994208682264
-989.601685880786
-1601.20916307931
-1601.20916307931
-989.601685880786
-989.601685880786
611.607477198521
2493.9417409857
892.732577906394
-989.601685880786
-2152.94823908977
-551.739076010467
-1163.34655320899
-1163.34655320899
-551.739076010467
-551.739076010467
59.8684011880554
-551.739076010466
-551.739076010466
59.8684011880555
59.8684011880554
1223.21495439704
611.607477198521
611.607477198521
1223.21495439704
1223.21495439704
611.607477198521
-9.09494701772928e-13
-7.88253804129747e-13
611.607477198521
611.607477198521
-551.739076010467
1330.59518777671
718.987710578191
718.987710578191
1330.59518777671
1330.59518777671
1942.20266497524
1330.59518777671
1330.59518777671
1942.20266497524
1942.20266497524
3105.54921818422
2493.9417409857
2493.9417409857
3105.54921818422
3105.54921818422
2493.9417409857
1882.33426378718
1882.33426378718
2493.9417409857
2493.9417409857
1330.59518777671
-270.613975302594
-882.221452501116
-882.221452501116
-270.613975302594
-270.613975302594
340.993501895928
-270.613975302594
-270.613975302594
340.993501895928
340.993501895928
1504.34005510492
892.732577906394
892.732577906394
1504.34005510492
1504.34005510492
892.732577906394
281.125100707872
281.125100707872
892.732577906394
892.732577906394
-270.613975302594
-2152.94823908977
-989.601685880787
-1601.20916307931
-3202.41832615862
-4365.7648793676
-2764.5557162883
-1601.20916307931
-989.601685880787
611.60747719852
2493.9417409857
892.732577906393
-989.601685880787
173.7448673282
1774.95403040751
3657.28829419469
2056.07913111538
173.7448673282
-437.862609870322
1163.34655320899
3045.68081699617
1444.47165391686
-437.862609870322
-1601.20916307931
-2.95585778076202e-12
611.607477198519
1774.95403040751
1163.34655320898
-2.95585778076202e-12
1882.33426378718
2493.9417409857
3657.28829419469
3045.68081699617
1882.33426378718
281.12510070787
892.732577906392
2056.07913111538
1444.47165391686
281.12510070787
-1601.20916307931
-1601.20916307931
-989.601685880788
611.607477198519
2493.9417409857
892.732577906392
-989.601685880788
173.7448673282
1774.95403040751
3657.28829419469
2056.07913111538
173.7448673282
-437.862609870322
1163.34655320899
3045.68081699617
1444.47165391686
-437.862609870322
-1601.20916307931
-2.95585778076202e-12
611.607477198519
1774.95403040751
1163.34655320898
-2.95585778076202e-12
1882.33426378718
2493.9417409857
3657.28829419469
3045.68081699617
1882.33426378718
281.12510070787
892.732577906392
2056.07913111538
1444.47165391686
281.12510070787
-1601.20916307931
-3202.41832615862
-4365.7648793676
-2764.5557162883
-1601.20916307931
-989.601685880788
-2590.8108489601
-3754.15740216908
-2152.94823908978
-989.601685880789
-377.994208682267
1223.21495439704
3105.54921818422
1504.34005510491
-377.994208682267
785.352344526721
2386.56150760603
4268.89577139321
2667.6866083139
785.352344526721
173.744867328199
1774.95403040751
3657.28829419469
2056.07913111538
173.744867328198
-989.60168588079
611.607477198517
1223.21495439704
2386.56150760603
1774.95403040751
611.607477198518
2493.9417409857
3105.54921818422
4268.89577139321
3657.28829419469
2493.9417409857
892.732577906391
1504.34005510491
2667.6866083139
2056.07913111538
892.732577906391
-989.601685880789
-989.601685880789
-377.994208682267
-1979.20337176157
-3142.54992497056
-1541.34076189125
-377.994208682267
-989.601685880789
-2590.8108489601
-3754.15740216908
-2152.94823908978
-989.601685880789
-989.601685880789
-2590.8108489601
-3754.15740216908
-2152.94823908978
-989.601685880789
-377.994208682267
-1979.20337176157
-3142.54992497056
-1541.34076189125
-377.994208682267
-377.994208682267
1223.21495439704
3105.54921818422
1504.34005510491
-377.994208682268
785.35234452672
2386.56150760603
4268.89577139321
2667.6866083139
785.352344526721
-815.856818552586
-1979.20337176157
-377.994208682267
785.352344526721
173.744867328199
-1427.46429575111
-2590.8108489601
-989.601685880789
173.744867328199
173.744867328199
-1427.46429575111
-2590.8108489601
-989.601685880789
173.744867328199
785.352344526721
-815.856818552586
-1979.20337176157
-377.994208682267
785.352344526721
785.352344526721
173.744867328199
-1427.46429575111
-2590.8108489601
-989.601685880789
173.744867328199
-437.862609870323
-2039.07177294963
-3202.41832615862
-1601.20916307931
-437.862609870323
-437.862609870323
-2039.07177294963
-3202.41832615862
-1601.20916307931
-437.862609870323
173.744867328199
-1427.46429575111
-2590.8108489601
-989.601685880789
173.744867328199
173.744867328198
1774.95403040751
3657.28829419469
2056.07913111538
173.744867328198
-989.60168588079
611.607477198517
-989.601685880789
-2152.94823908978
-551.73907601047
611.607477198517
-4.32009983342141e-12
-1601.20916307931
-2764.5557162883
-1163.34655320899
-4.32009983342141e-12
-4.19885893577823e-12
-1601.20916307931
-2764.5557162883
-1163.34655320899
-4.32009983342141e-12
611.607477198517
-989.601685880789
-2152.94823908978
-551.73907601047
611.607477198517
611.607477198517
1223.21495439704
-377.994208682267
-1541.34076189125
59.8684011880518
1223.21495439704
611.607477198518
-989.601685880789
-2152.94823908978
-551.73907601047
611.607477198518
611.607477198518
-989.601685880789
-2152.94823908978
-551.73907601047
611.607477198518
1223.21495439704
-377.994208682267
-1541.34076189125
59.8684011880521
1223.21495439704
1223.21495439704
2386.56150760603
785.352344526721
-377.994208682267
1223.21495439704
2386.56150760603
1774.95403040751
173.744867328199
-989.601685880789
611.607477198518
1774.95403040751
1774.95403040751
173.744867328199
-989.601685880788
611.607477198518
1774.95403040751
2386.56150760603
785.352344526721
-377.994208682267
1223.21495439704
2386.56150760603
2386.56150760603
1774.95403040751
173.744867328199
-989.601685880789
611.607477198518
1774.95403040751
1163.34655320898
-437.862609870323
-1601.20916307931
-3.86535248253495e-12
1163.34655320898
1163.34655320898
-437.862609870323
-1601.20916307931
-3.63797880709171e-12
1163.34655320898
1774.95403040751
173.744867328199
-989.601685880789
611.607477198518
1774.95403040751
1774.95403040751
611.607477198518
2493.9417409857
892.732577906391
-270.613975302597
1330.59518777671
2493.9417409857
1882.33426378718
281.125100707869
-882.221452501118
718.987710578188
1882.33426378718
1882.33426378718
281.125100707869
-882.221452501118
718.987710578189
1882.33426378718
2493.9417409857
892.732577906391
-270.613975302597
1330.59518777671
2493.9417409857
2493.9417409857
3105.54921818422
1504.34005510491
340.993501895926
1942.20266497523
3105.54921818422
2493.9417409857
892.732577906391
-270.613975302596
1330.59518777671
2493.9417409857
2493.9417409857
892.732577906391
-270.613975302596
1330.59518777671
2493.9417409857
3105.54921818422
1504.34005510491
340.993501895926
1942.20266497523
3105.54921818422
3105.54921818422
4268.89577139321
2667.6866083139
1504.34005510491
3105.54921818422
4268.89577139321
3657.28829419469
2056.07913111538
892.732577906391
2493.9417409857
3657.28829419469
3657.28829419469
2056.07913111538
892.732577906391
2493.9417409857
3657.28829419469
4268.89577139321
2667.6866083139
1504.34005510491
3105.54921818422
4268.89577139321
4268.89577139321
3657.28829419468
2056.07913111538
892.73257790639
2493.9417409857
3657.28829419468
3045.68081699616
1444.47165391686
281.125100707868
1882.33426378718
3045.68081699616
3045.68081699616
1444.47165391686
281.125100707868
1882.33426378718
3045.68081699616
3657.28829419468
2056.07913111538
892.73257790639
2493.9417409857
3657.28829419468
3657.28829419468
2493.9417409857
892.73257790639
-708.476585172917
-1871.8231383819
-270.613975302598
892.73257790639
281.125100707868
-1320.08406237144
-2483.43061558043
-882.221452501119
281.125100707868
281.125100707868
-1320.08406237144
-2483.43061558043
-882.221452501119
281.125100707868
892.73257790639
-708.476585172917
-1871.8231383819
-270.613975302598
892.73257790639
892.73257790639
1504.34005510491
-96.8691079743946
-1260.21566118338
340.993501895925
1504.34005510491
892.73257790639
-708.476585172916
-1871.8231383819
-270.613975302597
892.73257790639
892.73257790639
-708.476585172916
-1871.8231383819
-270.613975302597
892.732577906391
1504.34005510491
-96.8691079743944
-1260.21566118338
340.993501895925
1504.34005510491
1504.34005510491
2667.6866083139
1066.47744523459
-96.8691079743942
1504.34005510491
2667.6866083139
2056.07913111538
454.869968036072
-708.476585172916
892.732577906391
2056.07913111538
2056.07913111538
454.869968036072
-708.476585172916
892.732577906391
2056.07913111538
2667.6866083139
1066.47744523459
-96.8691079743942
1504.34005510491
2667.6866083139
2667.6866083139
2056.07913111538
454.869968036071
-708.476585172916
892.73257790639
2056.07913111538
1444.47165391686
-156.737509162451
-1320.08406237144
281.125100707869
1444.47165391686
1444.47165391686
-156.73750916245
-1320.08406237144
281.125100707869
1444.47165391686
2056.07913111538
454.869968036071
-708.476585172916
892.73257790639
2056.07913111538
2056.07913111538
892.73257790639
-989.60168588079
-2871.93594966797
-4473.14511274728
-5084.7525899458
-4473.14511274728
-2871.93594966797
-989.601685880788
-2590.8108489601
-4473.14511274728
-3309.79855953829
-1708.58939645898
173.744867328199
-1427.46429575111
-3309.79855953829
-3921.40603673681
-2320.1968736575
-437.862609870323
-2039.07177294963
-3921.40603673681
-5084.7525899458
-3483.54342686649
-2871.93594966797
-1708.58939645898
-2320.1968736575
-3483.54342686649
-1601.20916307931
-989.601685880789
173.744867328199
-437.862609870323
-1601.20916307931
-3202.41832615862
-2590.8108489601
-1427.46429575111
-2039.07177294963
-3202.41832615862
-5084.7525899458
-5084.7525899458
-4473.14511274728
-2871.93594966797
-989.601685880789
-2590.8108489601
-4473.14511274728
-3309.79855953829
-1708.58939645898
173.744867328198
-1427.46429575111
-3309.79855953829
-3921.40603673681
-2320.1968736575
-437.862609870324
-2039.07177294963
-3921.40603673681
-5084.7525899458
-3483.54342686649
-2871.93594966797
-1708.58939645898
-2320.1968736575
-3483.54342686649
-1601.20916307931
-989.60168588079
173.744867328198
-437.862609870324
-1601.20916307931
-3202.41832615862
-2590.8108489601
-1427.46429575111
-2039.07177294963
-3202.41832615862
-5084.7525899458
-4473.14511274728
-3861.53763554876
-2260.32847246945
-377.994208682268
-1979.20337176157
-3861.53763554876
-2698.19108233977
-1096.98191926046
785.35234452672
-815.856818552587
-2698.19108233977
-3309.79855953829
-1708.58939645898
173.744867328197
-1427.46429575111
-3309.79855953829
-4473.14511274728
-2871.93594966797
-2260.32847246945
-1096.98191926046
-1708.58939645898
-2871.93594966797
-989.601685880791
-377.994208682269
785.352344526719
173.744867328197
-989.601685880791
-2590.8108489601
-1979.20337176158
-815.856818552588
-1427.46429575111
-2590.8108489601
-4473.14511274728
-4473.14511274728
-3861.53763554876
-4473.14511274728
-4473.14511274728
-3861.53763554876
-3861.53763554876
-2260.32847246945
-377.994208682268
-1979.20337176158
-3861.53763554876
-2698.19108233977
-1096.98191926046
785.35234452672
-815.856818552587
-2698.19108233977
-3309.79855953829
-3309.79855953829
-2698.19108233977
-2698.19108233977
-3309.79855953829
-3921.40603673681
-3921.40603673681
-3309.79855953829
-3309.79855953829
-1708.58939645898
173.744867328197
-1427.46429575111
-3309.79855953829
-4473.14511274728
-2871.93594966797
-3483.54342686649
-3483.54342686649
-2871.93594966797
-2871.93594966797
-2260.32847246945
-2871.93594966797
-2871.93594966797
-2260.32847246945
-2260.32847246945
-1096.98191926046
-1708.58939645898
-1708.58939645898
-1096.98191926046
-1096.98191926046
-1708.58939645898
-2320.1968736575
-2320.1968736575
-1708.58939645898
-1708.58939645898
-2871.93594966797
-989.601685880791
-1601.20916307931
-1601.20916307931
-989.60168588079
-989.601685880791
-377.994208682269
-989.60168588079
-989.60168588079
-377.994208682268
-377.994208682269
785.352344526719
173.744867328198
173.744867328198
785.352344526719
785.352344526719
173.744867328197
-437.862609870324
-437.862609870324
173.744867328197
173.744867328197
-989.601685880791
-2590.8108489601
-3202.41832615862
-3202.41832615862
-2590.8108489601
-2590.8108489601
-1979.20337176158
-2590.8108489601
-2590.8108489601
-1979.20337176158
-1979.20337176158
-815.856818552588
-1427.46429575111
-1427.46429575111
-815.856818552588
-815.856818552588
-1427.46429575111
-2039.07177294963
-2039.07177294963
-1427.46429575111
-1427.46429575111
-2590.8108489601
-4473.14511274728
-5636.49166595627
-6248.09914315479
-5636.49166595626
-4035.28250287696
-2152.94823908978
-3754.15740216908
-5636.49166595626
-4473.14511274728
-2871.93594966797
-989.601685880789
-2590.8108489601
-4473.14511274728
-5084.7525899458
-3483.54342686649
-1601.20916307931
-3202.41832615862
-5084.7525899458
-6248.09914315479
-4646.88998007548
-4035.28250287696
-2871.93594966797
-3483.54342686649
-4646.88998007548
-2764.5557162883
-2152.94823908978
-989.601685880789
-1601.20916307931
-2764.5557162883
-4365.76487936761
-3754.15740216908
-2590.8108489601
-3202.41832615862
-4365.76487936761
-6248.09914315479
-6248.09914315479
-5636.49166595626
-4035.28250287696
-2152.94823908978
-3754.15740216908
-5636.49166595626
-4473.14511274728
-2871.93594966797
-989.601685880788
-2590.8108489601
-4473.14511274728
-5084.7525899458
-3483.54342686649
-1601.20916307931
-3202.41832615862
-5084.7525899458
-6248.09914315479
-4646.88998007548
-4035.28250287696
-2871.93594966797
-3483.54342686649
-4646.88998007548
-2764.5557162883
-2152.94823908978
-989.601685880789
-1601.20916307931
-2764.5557162883
-4365.76487936761
-3754.15740216908
-2590.8108489601
-3202.41832615862
-4365.76487936761
-6248.09914315479
-5636.49166595626
-5024.88418875774
-3423.67502567843
-1541.34076189125
-3142.54992497056
-5024.88418875774
-3861.53763554875
-2260.32847246945
-377.994208682267
-1979.20337176157
-3861.53763554875
-4473.14511274728
-2871.93594966797
-989.601685880789
-2590.8108489601
-4473.14511274728
-5636.49166595626
-4035.28250287696
-3423.67502567844
-2260.32847246945
-2871.93594966797
-4035.28250287696
-2152.94823908978
-1541.34076189126
-377.994208682268
-989.60168588079
-2152.94823908978
-3754.15740216908
-3142.54992497056
-1979.20337176157
-2590.8108489601
-3754.15740216908
-5636.49166595627
-5636.49166595627
-5024.88418875774
-5636.49166595626
-5636.49166595626
-5024.88418875774
-5024.88418875774
-3423.67502567843
-1541.34076189125
-3142.54992497056
-5024.88418875774
-3861.53763554875
-2260.32847246945
-377.994208682267
-1979.20337176157
-3861.53763554875
-4473.14511274728
-4473.14511274728
-3861.53763554875
-3861.53763554875
-4473.14511274728
-5084.7525899458
-5084.7525899458
-4473.14511274728
-4473.14511274728
-2871.93594966797
-989.601685880788
-2590.8108489601
-4473.14511274728
-5636.49166595626
-4035.28250287696
-4646.88998007548
-4646.88998007548
-4035.28250287696
-4035.28250287696
-3423.67502567843
-4035.28250287696
-4035.28250287696
-3423.67502567843
-3423.67502567843
-2260.32847246945
-2871.93594966797
-2871.93594966797
-2260.32847246945
-2260.32847246945
-2871.93594966797
-3483.54342686649
-3483.54342686649
-2871.93594966797
-2871.93594966797
-4035.28250287696
-2152.94823908978
-2764.5557162883
-2764.5557162883
-2152.94823908978
-2152.94823908978
-1541.34076189125
-2152.94823908978
-2152.94823908978
-1541.34076189125
-1541.34076189125
-377.994208682267
-989.601685880789
-989.601685880789
-377.994208682267
-377.994208682267
-989.601685880789
-1601.20916307931
-1601.20916307931
-989.601685880789
-989.601685880789
-2152.94823908978
-3754.15740216908
-4365.76487936761
-4365.76487936761
-3754.15740216908
-3754.15740216908
-3142.54992497056
-3754.15740216908
-3754.15740216908
-3142.54992497056
-3142.54992497056
-1979.20337176157
-2590.8108489601
-2590.8108489601
-1979.20337176157
-1979.20337176157
-2590.8108489601
-3202.41832615862
-3202.41832615862
-2590.8108489601
-2590.8108489601
-3754.15740216908
-5636.49166595626
-4035.28250287696
-4646.88998007548
-4035.28250287696
-2434.07333979765
-551.739076010469
-2152.94823908978
-4035.28250287696
-2871.93594966797
-1270.72678658866
611.607477198518
-989.601685880789
-2871.93594966797
-3483.54342686649
-1882.33426378718
-4.09272615797818e-12
-1601.20916307931
-3483.54342686649
-4646.88998007548
-3045.68081699617
-2434.07333979765
-1270.72678658866
-1882.33426378718
-3045.68081699617
-1163.34655320899
-551.73907601047
611.607477198518
-4.32009983342141e-12
-1163.34655320899
-2764.5557162883
-2152.94823908978
-989.60168588079
-1601.20916307931
-2764.5557162883
-4646.88998007548
-4646.88998007548
-4035.28250287696
-2434.07333979765
-551.73907601047
-2152.94823908978
-4035.28250287696
-2871.93594966797
-1270.72678658866
611.607477198517
-989.60168588079
-2871.93594966797
-3483.54342686649
-1882.33426378719
-5.00222085975111e-12
-1601.20916307931
-3483.54342686649
-4646.88998007548
-3045.68081699617
-2434.07333979765
-1270.72678658866
-1882.33426378719
-3045.68081699617
-1163.34655320899
-551.739076010471
611.607477198517
-5.22959453519434e-12
-1163.34655320899
-2764.5557162883
-2152.94823908978
-989.60168588079
-1601.20916307931
-2764.5557162883
-4646.88998007548
-4035.28250287696
-3423.67502567844
-1822.46586259913
59.86840118805
-1541.34076189126
-3423.67502567844
-2260.32847246945
-659.119309390142
1223.21495439704
-377.994208682269
-2260.32847246945
-2871.93594966797
-1270.72678658866
611.607477198515
-989.601685880792
-2871.93594966797
-4035.28250287696
-2434.07333979765
-1822.46586259913
-659.119309390142
-1270.72678658866
-2434.07333979765
-551.739076010472
59.8684011880498
1223.21495439704
611.607477198516
-551.739076010472
-2152.94823908978
-1541.34076189126
-377.994208682269
-989.601685880791
-2152.94823908978
-4035.28250287696
-4035.28250287696
-3423.67502567844
-4035.28250287696
-4035.28250287696
-3423.67502567844
-3423.67502567844
-1822.46586259913
59.86840118805
-1541.34076189126
-3423.67502567844
-2260.32847246945
-659.119309390142
1223.21495439704
-377.994208682269
-2260.32847246945
-2871.93594966797
-2871.93594966797
-2260.32847246945
-2260.32847246945
-2871.93594966797
-3483.54342686649
-3483.54342686649
-2871.93594966797
-2871.93594966797
-1270.72678658866
611.607477198515
-989.601685880792
-2871.93594966797
-4035.28250287696
-2434.07333979765
-3045.68081699617
-3045.68081699617
-2434.07333979765
-2434.07333979765
-1822.46586259913
-2434.07333979765
-2434.07333979765
-1822.46586259913
-1822.46586259913
-659.119309390142
-1270.72678658866
-1270.72678658866
-659.119309390142
-659.119309390142
-1270.72678658866
-1882.33426378719
-1882.33426378719
-1270.72678658866
-1270.72678658866
-2434.07333979765
-551.739076010472
-1163.34655320899
-1163.34655320899
-551.739076010472
-551.739076010472
59.8684011880504
-551.739076010471
-551.739076010471
59.8684011880505
59.8684011880504
1223.21495439704
611.607477198516
611.607477198516
1223.21495439704
1223.21495439704
611.607477198516
-5.91171556152403e-12
-5.79047466388085e-12
611.607477198516
611.607477198516
-551.739076010472
-2152.94823908978
-2764.5557162883
-2764.5557162883
-2152.94823908978
-2152.94823908978
-1541.34076189126
-2152.94823908978
-2152.94823908978
-1541.34076189126
-1541.34076189126
-377.99420868227
-989.601685880792
-989.601685880791
-377.99420868227
-377.99420868227
-989.601685880792
-1601.20916307931
-1601.20916307931
-989.601685880792
-989.601685880792
-2152.94823908978
-4035.28250287696
-2871.93594966797
-3483.54342686649
-5084.7525899458
-6248.09914315479
-4646.88998007548
-3483.54342686649
-2871.93594966797
-1270.72678658866
611.607477198515
-989.601685880792
-2871.93594966797
-1708.58939645898
-107.380233379677
1774.9540304075
173.744867328196
-1708.58939645898
-2320.19687365751
-718.987710578199
1163.34655320898
-437.862609870326
-2320.19687365751
-3483.54342686649
-1882.33426378719
-1270.72678658866
-107.380233379677
-718.987710578199
-1882.33426378719
-6.82121026329696e-12
611.607477198515
1774.9540304075
1163.34655320898
-6.82121026329696e-12
-1601.20916307931
-989.601685880792
173.744867328196
-437.862609870326
-1601.20916307931
-3483.54342686649
-3483.54342686649
-2871.93594966797
-1270.72678658866
611.607477198515
-989.601685880792
-2871.93594966797
-1708.58939645898
-107.380233379677
1774.9540304075
173.744867328196
-1708.58939645898
-2320.19687365751
-718.987710578199
1163.34655320898
-437.862609870326
-2320.19687365751
-3483.54342686649
-1882.33426378719
-1270.72678658866
-107.380233379677
-718.987710578199
-1882.33426378719
-6.82121026329696e-12
611.607477198515
1774.9540304075
1163.34655320898
-6.82121026329696e-12
-1601.20916307931
-989.601685880792
173.744867328196
-437.862609870326
-1601.20916307931
-3483.54342686649
-5084.7525899458
-6248.09914315479
-4646.88998007548
-3483.54342686649
-2871.93594966797
-4473.14511274728
-5636.49166595627
-4035.28250287696
-2871.93594966797
-2260.32847246945
-659.119309390143
1223.21495439704
-377.99420868227
-2260.32847246945
-1096.98191926046
504.227243818844
2386.56150760602
785.352344526718
-1096.98191926046
-1708.58939645898
-107.380233379677
1774.9540304075
173.744867328196
-1708.58939645898
-2871.93594966797
-1270.72678658867
-659.119309390143
504.227243818845
-107.380233379677
-1270.72678658867
611.607477198515
1223.21495439704
2386.56150760602
1774.9540304075
611.607477198515
-989.601685880792
-377.99420868227
785.352344526718
173.744867328196
-989.601685880792
-2871.93594966797
-2871.93594966797
-2260.32847246945
-3861.53763554876
-5024.88418875774
-3423.67502567844
-2260.32847246945
-2871.93594966797
-4473.14511274728
-5636.49166595627
-4035.28250287696
-2871.93594966797
-2871.93594966797
-4473.14511274728
-5636.49166595627
-4035.28250287696
-2871.93594966797
-2260.32847246945
-3861.53763554876
-5024.88418875775
-3423.67502567844
-2260.32847246945
-2260.32847246945
-659.119309390144
1223.21495439704
-377.994208682271
-2260.32847246945
-1096.98191926046
504.227243818844
2386.56150760602
785.352344526717
-1096.98191926046
-2698.19108233977
-3861.53763554876
-2260.32847246945
-1096.98191926046
-1708.58939645899
-3309.79855953829
-4473.14511274728
-2871.93594966797
-1708.58939645899
-1708.58939645899
-3309.79855953829
-4473.14511274728
-2871.93594966797
-1708.58939645899
-1096.98191926046
-2698.19108233977
-3861.53763554876
-2260.32847246945
-1096.98191926046
-1096.98191926046
-1708.58939645899
-3309.79855953829
-4473.14511274728
-2871.93594966797
-1708.58939645899
-2320.19687365751
-3921.40603673682
-5084.7525899458
-3483.5434268665
-2320.19687365751
-2320.19687365751
-3921.40603673682
-5084.7525899458
-3483.5434268665
-2320.19687365751
-1708.58939645899
-3309.79855953829
-4473.14511274728
-2871.93594966798
-1708.58939645899
-1708.58939645899
-107.380233379681
1774.9540304075
173.744867328192
-1708.58939645899
-2871.93594966798
-1270.72678658867
-2871.93594966798
-4035.28250287696
-2434.07333979766
-1270.72678658867
-1882.33426378719
-3483.5434268665
-4646.88998007549
-3045.68081699618
-1882.33426378719
-1882.33426378719
-3483.5434268665
-4646.88998007549
-3045.68081699618
-1882.33426378719
-1270.72678658867
-2871.93594966798
-4035.28250287696
-2434.07333979766
-1270.72678658867
-1270.72678658867
-659.119309390148
-2260.32847246945
-3423.67502567844
-1822.46586259914
-659.119309390148
-1270.72678658867
-2871.93594966798
-4035.28250287696
-2434.07333979766
-1270.72678658867
-1270.72678658867
-2871.93594966798
-4035.28250287696
-2434.07333979766
-1270.72678658867
-659.119309390148
-2260.32847246945
-3423.67502567844
-1822.46586259914
-659.119309390148
-659.119309390148
504.22724381884
-1096.98191926047
-2260.32847246945
-659.119309390148
504.227243818839
-107.380233379682
-1708.58939645899
-2871.93594966798
-1270.72678658867
-107.380233379682
-107.380233379682
-1708.58939645899
-2871.93594966798
-1270.72678658867
-107.380233379682
504.22724381884
-1096.98191926047
-2260.32847246945
-659.119309390148
504.22724381884
504.22724381884
-107.380233379682
-1708.58939645899
-2871.93594966798
-1270.72678658867
-107.380233379682
-718.987710578204
-2320.19687365751
-3483.5434268665
-1882.33426378719
-718.987710578204
-718.987710578204
-2320.19687365751
-3483.5434268665
-1882.33426378719
-718.987710578204
-107.380233379682
-1708.58939645899
-2871.93594966798
-1270.72678658867
-107.380233379682
-107.380233379682
-1270.72678658867
611.60747719851
-989.601685880797
-2152.94823908978
-551.739076010478
611.60747719851
-1.20508047984913e-11
-1601.20916307932
-2764.55571628831
-1163.346553209
-1.20508047984913e-11
-1.19295639008481e-11
-1601.20916307932
-2764.55571628831
-1163.346553209
-1.15960574476048e-11
611.60747719851
-989.601685880797
-2152.94823908978
-551.739076010477
611.60747719851
611.60747719851
1223.21495439703
-377.994208682275
-1541.34076189126
59.8684011880446
1223.21495439703
611.60747719851
-989.601685880796
-2152.94823908978
-551.739076010477
611.607477198511
611.607477198511
-989.601685880796
-2152.94823908978
-551.739076010477
611.607477198511
1223.21495439703
-377.994208682274
-1541.34076189126
59.8684011880448
1223.21495439703
1223.21495439703
2386.56150760602
785.352344526714
-377.994208682274
1223.21495439703
2386.56150760602
1774.9540304075
173.744867328192
-989.601685880796
611.607477198511
1774.9540304075
1774.9540304075
173.744867328192
-989.601685880796
611.607477198511
1774.9540304075
2386.56150760602
785.352344526714
-377.994208682274
1223.21495439703
2386.56150760602
2386.56150760602
1774.9540304075
173.744867328192
-989.601685880796
611.607477198511
1774.9540304075
1163.34655320898
-437.86260987033
-1601.20916307932
-1.11413100967184e-11
1163.34655320898
1163.34655320898
-437.86260987033
-1601.20916307932
-1.09139364212751e-11
1163.34655320898
1774.9540304075
173.744867328192
-989.601685880796
611.607477198511
1774.9540304075
1774.9540304075
611.60747719851
-989.601685880797
-2590.8108489601
-3754.15740216909
-2152.94823908978
-989.601685880797
-1601.20916307932
-3202.41832615863
-4365.76487936761
-2764.55571628831
-1601.20916307932
-1601.20916307932
-3202.41832615863
-4365.76487936761
-2764.55571628831
-1601.20916307932
-989.601685880798
-2590.8108489601
-3754.15740216909
-2152.94823908979
-989.601685880798
-989.601685880798
-377.994208682276
-1979.20337176158
-3142.54992497057
-1541.34076189126
-377.994208682276
-989.601685880798
-2590.8108489601
-3754.15740216909
-2152.94823908979
-989.601685880798
-989.601685880798
-2590.8108489601
-3754.15740216909
-2152.94823908979
-989.601685880798
-377.994208682276
-1979.20337176158
-3142.54992497057
-1541.34076189126
-377.994208682276
-377.994208682277
785.352344526711
-815.856818552595
-1979.20337176158
-377.994208682276
785.352344526711
173.744867328189
-1427.46429575112
-2590.8108489601
-989.601685880798
173.744867328189
173.74486732819
-1427.46429575112
-2590.8108489601
-989.601685880798
173.744867328189
785.352344526711
-815.856818552596
-1979.20337176158
-377.994208682276
785.352344526711
785.352344526711
173.744867328189
-1427.46429575112
-2590.81084896011
-989.601685880799
173.744867328189
-437.862609870333
-2039.07177294964
-3202.41832615863
-1601.20916307932
-437.862609870333
-437.862609870333
-2039.07177294964
-3202.41832615863
-1601.20916307932
-437.862609870333
173.744867328189
-1427.46429575112
-2590.81084896011
-989.601685880799
173.744867328189
173.744867328189
-989.601685880799
-2871.93594966798
-892.732577906409
-2493.94174098572
-3105.54921818424
-2493.94174098572
-892.732577906409
989.601685880771
-611.607477198536
-2493.94174098572
-1330.59518777673
270.613975302579
2152.94823908976
551.739076010452
-1330.59518777673
-1942.20266497525
-340.993501895943
1541.34076189124
-59.8684011880698
-1942.20266497525
-3105.54921818424
-1504.34005510493
-892.732577906409
270.613975302579
-340.993501895943
-1504.34005510493
377.994208682249
989.601685880771
2152.94823908976
1541.34076189124
377.994208682249
-1223.21495439706
-611.607477198536
551.739076010452
-59.8684011880698
-1223.21495439706
-3105.54921818424
-3105.54921818424
-2493.94174098572
-892.732577906409
989.601685880771
-611.607477198536
-2493.94174098572
-1330.59518777673
270.613975302579
2152.94823908976
551.739076010452
-1330.59518777673
-1942.20266497525
-340.993501895943
1541.34076189124
-59.8684011880698
-1942.20266497525
-3105.54921818424
-1504.34005510493
-892.732577906409
270.613975302579
-340.993501895943
-1504.34005510493
377.994208682249
989.601685880771
2152.94823908976
1541.34076189124
377.994208682249
-1223.21495439706
-611.607477198536
551.739076010452
-59.8684011880698
-1223.21495439706
-3105.54921818424
-2493.94174098572
-1882.33426378719
-281.125100707887
1601.20916307929
-1.38697942020372e-11
-1882.33426378719
-718.987710578206
882.221452501101
2764.55571628828
1163.34655320897
-718.987710578206
-1330.59518777673
270.613975302579
2152.94823908976
551.739076010452
-1330.59518777673
-2493.94174098572
-892.732577906409
-281.125100707887
882.221452501101
270.613975302579
-892.732577906409
989.601685880771
1601.20916307929
2764.55571628828
2152.94823908976
989.601685880771
-611.607477198536
-1.36424205265939e-11
1163.34655320897
551.739076010452
-611.607477198536
-2493.94174098572
-2493.94174098572
-1882.33426378719
-2493.94174098572
-2493.94174098572
-1882.33426378719
-1882.33426378719
-281.125100707887
1601.20916307929
-1.43245415529236e-11
-1882.33426378719
-718.987710578207
882.2214525011
2764.55571628828
1163.34655320897
-718.987710578207
-1330.59518777673
-1330.59518777673
-718.987710578206
-718.987710578206
-1330.59518777673
-1942.20266497525
-1942.20266497525
-1330.59518777673
-1330.59518777673
270.613975302579
2152.94823908976
551.739076010452
-1330.59518777673
-2493.94174098572
-892.732577906409
-1504.34005510493
-1504.34005510493
-892.732577906409
-892.732577906409
-281.125100707887
-892.732577906409
-892.732577906409
-281.125100707887
-281.125100707887
882.221452501101
270.613975302579
270.613975302579
882.221452501101
882.221452501101
270.613975302579
-340.993501895943
-340.993501895943
270.613975302579
270.613975302579
-892.732577906409
989.601685880771
377.994208682249
377.99420868225
989.601685880771
989.601685880771
1601.20916307929
989.601685880772
989.601685880772
1601.20916307929
1601.20916307929
2764.55571628828
2152.94823908976
2152.94823908976
2764.55571628828
2764.55571628828
2152.94823908976
1541.34076189124
1541.34076189124
2152.94823908976
2152.94823908976
989.601685880771
-611.607477198536
-1223.21495439706
-1223.21495439706
-611.607477198535
-611.607477198536
-1.35287336888723e-11
-611.607477198535
-611.607477198535
-1.34150468511507e-11
-1.35362877487939e-11
1163.34655320897
551.739076010452
551.739076010453
1163.34655320897
1163.34655320897
551.739076010452
-59.8684011880696
-59.8684011880695
551.739076010452
551.739076010452
-611.607477198536
-2493.94174098572
-3657.2882941947
-4268.89577139323
-3657.2882941947
-2056.0791311154
-173.744867328216
-1774.95403040752
-3657.2882941947
-2493.94174098572
-892.732577906408
989.601685880772
-611.607477198535
-2493.94174098572
-3105.54921818424
-1504.34005510493
377.99420868225
-1223.21495439706
-3105.54921818424
-4268.89577139323
-2667.68660831392
-2056.0791311154
-892.732577906408
-1504.34005510493
-2667.68660831392
-785.352344526738
-173.744867328216
989.601685880772
377.99420868225
-785.352344526738
-2386.56150760605
-1774.95403040752
-611.607477198535
-1223.21495439706
-2386.56150760605
-4268.89577139323
-4268.89577139323
-3657.2882941947
-2056.0791311154
-173.744867328216
-1774.95403040752
-3657.2882941947
-2493.94174098572
-892.732577906408
989.601685880772
-611.607477198535
-2493.94174098572
-3105.54921818424
-1504.34005510493
377.99420868225
-1223.21495439706
-3105.54921818424
-4268.89577139323
-2667.68660831392
-2056.0791311154
-892.732577906408
-1504.34005510493
-2667.68660831392
-785.352344526738
-173.744867328216
989.601685880772
377.99420868225
-785.352344526738
-2386.56150760605
-1774.95403040752
-611.607477198535
-1223.21495439706
-2386.56150760605
-4268.89577139323
-3657.2882941947
-3045.68081699618
-1444.47165391687
437.862609870306
-1163.346553209
-3045.68081699618
-1882.33426378719
-281.125100707887
1601.20916307929
-1.34150468511507e-11
-1882.33426378719
-2493.94174098572
-892.732577906409
989.601685880772
-611.607477198535
-2493.94174098572
-3657.2882941947
-2056.0791311154
-1444.47165391687
-281.125100707887
-892.732577906409
-2056.0791311154
-173.744867328217
437.862609870306
1601.20916307929
989.601685880771
-173.744867328217
-1774.95403040752
-1163.346553209
-1.36424205265939e-11
-611.607477198536
-1774.95403040752
-3657.2882941947
-3657.2882941947
-3045.68081699618
-3657.2882941947
-3657.2882941947
-3045.68081699618
-3045.68081699618
-1444.47165391687
437.862609870306
-1163.346553209
-3045.68081699618
-1882.33426378719
-281.125100707887
1601.20916307929
-1.34150468511507e-11
-1882.33426378719
-2493.94174098572
-2493.94174098572
-1882.33426378719
-1882.33426378719
-2493.94174098572
-3105.54921818424
-3105.54921818424
-2493.94174098572
-2493.94174098572
-892.732577906409
989.601685880772
-611.607477198535
-2493.94174098572
-3657.2882941947
-2056.0791311154
-2667.68660831392
-2667.68660831392
-2056.0791311154
-2056.0791311154
-1444.47165391687
-2056.0791311154
-2056.0791311154
-1444.47165391687
-1444.47165391687
-281.125100707887
-892.732577906409
-892.732577906408
-281.125100707887
-281.125100707887
-892.732577906409
-1504.34005510493
-1504.34005510493
-892.732577906409
-892.732577906409
-2056.0791311154
-173.744867328217
-785.352344526738
-785.352344526738
-173.744867328216
-173.744867328217
437.862609870306
-173.744867328216
-173.744867328216
437.862609870306
437.862609870306
1601.20916307929
989.601685880772
989.601685880772
1601.20916307929
1601.20916307929
989.601685880771
377.994208682249
377.994208682249
989.601685880771
989.601685880771
-173.744867328217
-1774.95403040752
-2386.56150760605
-2386.56150760605
-1774.95403040752
-1774.95403040752
-1163.346553209
-1774.95403040752
-1774.95403040752
-1163.346553209
-1163.346553209
-1.43245415529236e-11
-611.607477198536
-611.607477198536
-1.4210854715202e-11
-1.43320956128452e-11
-611.607477198536
-1223.21495439706
-1223.21495439706
-611.607477198536
-611.607477198536
-1774.95403040752
-3657.2882941947
-2056.0791311154
-2667.68660831392
-2056.0791311154
-454.86996803609
1427.46429575109
-173.744867328217
-2056.0791311154
-892.732577906409
708.476585172898
2590.81084896008
989.601685880771
-892.732577906409
-1504.34005510493
96.869107974376
1979.20337176156
377.994208682249
-1504.34005510493
-2667.68660831392
-1066.47744523461
-454.86996803609
708.476585172898
96.869107974376
-1066.47744523461
815.856818552568
1427.46429575109
2590.81084896008
1979.20337176156
815.856818552568
-785.352344526739
-173.744867328217
989.601685880771
377.994208682249
-785.352344526739
-2667.68660831392
-2667.68660831392
-2056.0791311154
-454.86996803609
1427.46429575109
-173.744867328217
-2056.0791311154
-892.732577906409
708.476585172898
2590.81084896008
989.601685880771
-892.732577906409
-1504.34005510493
96.869107974376
1979.20337176156
377.994208682249
-1504.34005510493
-2667.68660831392
-1066.47744523461
-454.86996803609
708.476585172898
96.869107974376
-1066.47744523461
815.856818552568
1427.46429575109
2590.81084896008
1979.20337176156
815.856818552568
-785.352344526739
-173.744867328217
989.601685880771
377.994208682249
-785.352344526739
-2667.68660831392
-2056.0791311154
-1444.47165391688
156.737509162432
2039.07177294961
437.862609870305
-1444.47165391688
-281.125100707887
1320.08406237142
3202.4183261586
1601.20916307929
-281.125100707887
-892.732577906409
708.476585172898
2590.81084896008
989.601685880771
-892.732577906409
-2056.0791311154
-454.86996803609
156.737509162432
1320.08406237142
708.476585172898
-454.86996803609
1427.46429575109
2039.07177294961
3202.4183261586
2590.81084896008
1427.46429575109
-173.744867328217
437.862609870305
1601.20916307929
989.601685880771
-173.744867328217
-2056.0791311154
-2056.0791311154
-1444.47165391688
-2056.0791311154
-2056.0791311154
-1444.47165391688
-1444.47165391688
156.737509162431
2039.07177294961
437.862609870305
-1444.47165391688
-281.125100707888
1320.08406237142
3202.4183261586
1601.20916307929
-281.125100707888
-892.732577906409
-892.732577906409
-281.125100707888
-281.125100707888
-892.73257790641
-1504.34005510493
-1504.34005510493
-892.732577906409
-892.73257790641
708.476585172897
2590.81084896008
989.601685880771
-892.732577906409
-2056.0791311154
-454.86996803609
-1066.47744523461
-1066.47744523461
-454.86996803609
-454.86996803609
156.737509162432
-454.86996803609
-454.86996803609
156.737509162432
156.737509162432
1320.08406237142
708.476585172898
708.476585172898
1320.08406237142
1320.08406237142
708.476585172898
96.8691079743758
96.8691079743759
708.476585172898
708.476585172898
-454.86996803609
1427.46429575109
815.856818552568
815.856818552568
1427.46429575109
1427.46429575109
2039.07177294961
1427.46429575109
1427.46429575109
2039.07177294961
2039.07177294961
3202.4183261586
2590.81084896008
2590.81084896008
3202.4183261586
3202.4183261586
2590.81084896008
1979.20337176156
1979.20337176156
2590.81084896008
2590.81084896008
1427.46429575109
-173.744867328218
-785.352344526739
-785.352344526739
-173.744867328218
-173.744867328218
437.862609870304
-173.744867328217
-173.744867328217
437.862609870304
437.862609870304
1601.20916307929
989.60168588077
989.601685880771
1601.20916307929
1601.20916307929
989.60168588077
377.994208682248
377.994208682249
989.60168588077
989.60168588077
-173.744867328218
-2056.0791311154
-892.73257790641
-1504.34005510493
-3105.54921818424
-4268.89577139323
-2667.68660831392
-1504.34005510493
-892.732577906411
708.476585172896
2590.81084896008
989.601685880769
-892.732577906411
270.613975302577
1871.82313838188
3754.15740216906
2152.94823908976
270.613975302577
-340.993501895945
1260.21566118336
3142.54992497054
1541.34076189123
-340.993501895945
-1504.34005510493
96.8691079743737
708.476585172896
1871.82313838188
1260.21566118336
96.8691079743737
1979.20337176155
2590.81084896008
3754.15740216906
3142.54992497054
1979.20337176155
377.994208682247
989.601685880769
2152.94823908976
1541.34076189123
377.994208682247
-1504.34005510493
-1504.34005510493
-892.732577906411
708.476585172896
2590.81084896008
989.601685880769
-892.732577906411
270.613975302577
1871.82313838188
3754.15740216906
2152.94823908976
270.613975302577
-340.993501895945
1260.21566118336
3142.54992497054
1541.34076189123
-340.993501895945
-1504.34005510493
96.8691079743737
708.476585172896
1871.82313838188
1260.21566118336
96.8691079743737
1979.20337176155
2590.81084896008
3754.15740216906
3142.54992497054
1979.20337176155
377.994208682247
989.601685880769
2152.94823908976
1541.34076189123
377.994208682247
-1504.34005510493
-3105.54921818424
-4268.89577139323
-2667.68660831392
-1504.34005510493
-892.732577906412
-2493.94174098572
-3657.28829419471
-2056.0791311154
-892.732577906412
-281.12510070789
1320.08406237142
3202.4183261586
1601.20916307929
-281.12510070789
882.221452501097
2483.4306155804
4365.76487936758
2764.55571628828
882.221452501097
270.613975302575
1871.82313838188
3754.15740216906
2152.94823908976
270.613975302575
-892.732577906413
708.476585172894
1320.08406237142
2483.4306155804
1871.82313838188
708.476585172894
2590.81084896007
3202.4183261586
4365.76487936758
3754.15740216906
2590.81084896007
989.601685880767
1601.20916307929
2764.55571628828
2152.94823908976
989.601685880768
-892.732577906412
-892.732577906413
-281.125100707891
-1882.3342637872
-3045.68081699619
-1444.47165391688
-281.125100707891
-892.732577906412
-2493.94174098572
-3657.28829419471
-2056.0791311154
-892.732577906412
-892.732577906412
-2493.94174098572
-3657.28829419471
-2056.0791311154
-892.732577906412
-281.12510070789
-1882.3342637872
-3045.68081699619
-1444.47165391688
-281.125100707891
-281.125100707891
1320.08406237142
3202.4183261586
1601.20916307929
-281.125100707891
882.221452501097
2483.4306155804
4365.76487936758
2764.55571628828
882.221452501097
-718.98771057821
-1882.3342637872
-281.12510070789
882.221452501097
270.613975302575
-1330.59518777673
-2493.94174098572
-892.732577906412
270.613975302576
270.613975302576
-1330.59518777673
-2493.94174098572
-892.732577906412
270.613975302576
882.221452501097
-718.987710578209
-1882.3342637872
-281.12510070789
882.221452501097
882.221452501097
270.613975302575
-1330.59518777673
-2493.94174098572
-892.732577906412
270.613975302575
-340.993501895947
-1942.20266497525
-3105.54921818424
-1504.34005510493
-340.993501895947
-340.993501895946
-1942.20266497525
-3105.54921818424
-1504.34005510493
-340.993501895947
270.613975302575
-1330.59518777673
-2493.94174098572
-892.732577906412
270.613975302575
270.613975302575
1871.82313838188
3754.15740216906
2152.94823908976
270.613975302575
-892.732577906413
708.476585172894
-892.732577906413
-2056.0791311154
-454.869968036093
708.476585172894
96.8691079743724
-1504.34005510493
-2667.68660831392
-1066.47744523462
96.8691079743724
96.8691079743725
-1504.34005510493
-2667.68660831392
-1066.47744523462
96.8691079743724
708.476585172894
-892.732577906413
-2056.0791311154
-454.869968036093
708.476585172894
708.476585172894
1320.08406237142
-281.125100707891
-1444.47165391688
156.737509162429
1320.08406237142
708.476585172894
-892.732577906412
-2056.0791311154
-454.869968036093
708.476585172895
708.476585172895
-892.732577906412
-2056.0791311154
-454.869968036093
708.476585172895
1320.08406237142
-281.12510070789
-1444.47165391688
156.737509162429
1320.08406237142
1320.08406237142
2483.4306155804
882.221452501097
-281.12510070789
1320.08406237142
2483.4306155804
1871.82313838188
270.613975302576
-892.732577906412
708.476585172895
1871.82313838188
1871.82313838188
270.613975302576
-892.732577906412
708.476585172895
1871.82313838188
2483.4306155804
882.221452501097
-281.12510070789
1320.08406237142
2483.4306155804
2483.4306155804
1871.82313838188
270.613975302575
-892.732577906412
708.476585172895
1871.82313838188
1260.21566118336
-340.993501895946
-1504.34005510493
96.8691079743728
1260.21566118336
1260.21566118336
-340.993501895946
-1504.34005510493
96.869107974373
1260.21566118336
1871.82313838188
270.613975302576
-892.732577906412
708.476585172895
1871.82313838188
1871.82313838188
708.476585172894
2590.81084896007
989.601685880768
-173.74486732822
1427.46429575109
2590.81084896007
1979.20337176155
377.994208682246
-785.352344526742
815.856818552565
1979.20337176155
1979.20337176155
377.994208682246
-785.352344526741
815.856818552565
1979.20337176155
2590.81084896007
989.601685880768
-173.74486732822
1427.46429575109
2590.81084896007
2590.81084896007
3202.4183261586
1601.20916307929
437.862609870302
2039.07177294961
3202.4183261586
2590.81084896007
989.601685880768
-173.744867328219
1427.46429575109
2590.81084896007
2590.81084896007
989.601685880768
-173.744867328219
1427.46429575109
2590.81084896007
3202.4183261586
1601.20916307929
437.862609870302
2039.07177294961
3202.4183261586
3202.4183261586
4365.76487936758
2764.55571628828
1601.20916307929
3202.4183261586
4365.76487936758
3754.15740216906
2152.94823908976
989.601685880768
2590.81084896007
3754.15740216906
3754.15740216906
2152.94823908976
989.601685880768
2590.81084896007
3754.15740216906
4365.76487936758
2764.55571628828
1601.20916307929
3202.4183261586
4365.76487936758
4365.76487936758
3754.15740216906
2152.94823908975
989.601685880767
2590.81084896007
3754.15740216906
3142.54992497054
1541.34076189123
377.994208682245
1979.20337176155
3142.54992497054
3142.54992497054
1541.34076189123
377.994208682245
1979.20337176155
3142.54992497054
3754.15740216906
2152.94823908975
989.601685880767
2590.81084896007
3754.15740216906
3754.15740216906
2590.81084896007
989.601685880767
-611.60747719854
-1774.95403040753
-173.744867328221
989.601685880767
377.994208682245
-1223.21495439706
-2386.56150760605
-785.352344526743
377.994208682245
377.994208682245
-1223.21495439706
-2386.56150760605
-785.352344526743
377.994208682245
989.601685880767
-611.60747719854
-1774.95403040753
-173.744867328221
989.601685880767
989.601685880767
1601.20916307929
-1.79625203600153e-11
-1163.34655320901
437.862609870301
1601.20916307929
989.601685880767
-611.60747719854
-1774.95403040753
-173.744867328221
989.601685880767
989.601685880767
-611.60747719854
-1774.95403040753
-173.74486732822
989.601685880767
1601.20916307929
-1.77351466845721e-11
-1163.34655320901
437.862609870301
1601.20916307929
1601.20916307929
2764.55571628828
1163.34655320897
-1.75077730091289e-11
1601.20916307929
2764.55571628828
2152.94823908976
551.739076010448
-611.607477198539
989.601685880767
2152.94823908976
2152.94823908976
551.739076010448
-611.607477198539
989.601685880767
2152.94823908976
2764.55571628828
1163.34655320897
-1.75077730091289e-11
1601.20916307929
2764.55571628828
2764.55571628828
2152.94823908975
551.739076010448
-611.60747719854
989.601685880767
2152.94823908975
1541.34076189123
-59.8684011880739
-1223.21495439706
377.994208682245
1541.34076189123
1541.34076189123
-59.8684011880737
-1223.21495439706
377.994208682245
1541.34076189123
2152.94823908975
551.739076010448
-611.60747719854
989.601685880767
2152.94823908975
2152.94823908975
989.601685880767
-892.732577906413
989.601685880767
-611.60747719854
-2590.81084896011
-4473.14511274729
-2493.94174098572
-611.60747719854
-1223.21495439706
-611.60747719854
989.601685880767
2871.93594966795
1270.72678658864
-611.60747719854
551.739076010448
2152.94823908975
4035.28250287693
2434.07333979763
551.739076010448
-59.8684011880744
1541.34076189123
3423.67502567841
1822.46586259911
-59.8684011880746
-1223.21495439706
377.994208682245
989.601685880767
2152.94823908975
1541.34076189123
377.994208682245
2260.32847246942
2871.93594966795
4035.28250287693
3423.67502567841
2260.32847246942
659.119309390118
1270.72678658864
2434.07333979763
1822.46586259911
659.119309390118
-1223.21495439706
-1223.21495439706
-611.60747719854
989.601685880767
2871.93594966795
1270.72678658864
-611.60747719854
551.739076010448
2152.94823908975
4035.28250287693
2434.07333979763
551.739076010448
-59.8684011880744
1541.34076189123
3423.67502567841
1822.46586259911
-59.8684011880746
-1223.21495439706
377.994208682245
989.601685880767
2152.94823908975
1541.34076189123
377.994208682245
2260.32847246942
2871.93594966795
4035.28250287693
3423.67502567841
2260.32847246942
659.119309390118
1270.72678658864
2434.07333979763
1822.46586259911
659.119309390118
-1223.21495439706
-611.60747719854
-1.84172677109018e-11
1601.20916307929
3483.54342686647
1882.33426378716
-1.8644641386345e-11
1163.34655320897
2764.55571628828
4646.88998007546
3045.68081699615
1163.34655320897
551.739076010447
2152.94823908975
4035.28250287693
2434.07333979763
551.739076010447
-611.607477198541
989.601685880766
1601.20916307929
2764.55571628828
2152.94823908975
989.601685880766
2871.93594966795
3483.54342686647
4646.88998007546
4035.28250287693
2871.93594966795
1270.72678658864
1882.33426378716
3045.68081699615
2434.07333979763
1270.72678658864
-611.607477198541
-611.607477198541
-1.87583282240666e-11
-611.607477198541
-611.60747719854
-1.8644641386345e-11
-1.87658822839882e-11
1601.20916307929
3483.54342686647
1882.33426378716
-1.8644641386345e-11
1163.34655320897
2764.55571628828
4646.88998007546
3045.68081699615
1163.34655320897
551.739076010447
551.739076010447
1163.34655320897
1163.34655320897
551.739076010447
-59.868401188075
-59.8684011880749
551.739076010447
551.739076010447
2152.94823908975
4035.28250287693
2434.07333979763
551.739076010447
-611.607477198541
989.601685880766
377.994208682244
377.994208682244
989.601685880766
989.601685880766
1601.20916307929
989.601685880766
989.601685880766
1601.20916307929
1601.20916307929
2764.55571628828
2152.94823908975
2152.94823908975
2764.55571628828
2764.55571628828
2152.94823908975
1541.34076189123
1541.34076189123
2152.94823908975
2152.94823908975
989.601685880766
2871.93594966795
2260.32847246942
2260.32847246942
2871.93594966795
2871.93594966795
3483.54342686647
2871.93594966795
2871.93594966795
3483.54342686647
3483.54342686647
4646.88998007546
4035.28250287693
4035.28250287693
4646.88998007546
4646.88998007546
4035.28250287693
3423.67502567841
3423.67502567841
4035.28250287693
4035.28250287693
2871.93594966795
1270.72678658864
659.119309390117
659.119309390118
1270.72678658864
1270.72678658864
1882.33426378716
1270.72678658864
1270.72678658864
1882.33426378716
1882.33426378716
3045.68081699615
2434.07333979763
2434.07333979763
3045.68081699615
3045.68081699615
2434.07333979763
1822.4658625991
1822.4658625991
2434.07333979763
2434.07333979763
1270.72678658864
-611.607477198542
-1774.95403040753
-2386.56150760605
-1774.95403040753
-173.744867328222
1708.58939645896
107.380233379651
-1774.95403040753
-611.607477198541
989.601685880766
2871.93594966795
1270.72678658864
-611.607477198541
-1223.21495439706
377.994208682244
2260.32847246942
659.119309390117
-1223.21495439706
-2386.56150760605
-785.352344526744
-173.744867328222
989.601685880766
377.994208682244
-785.352344526744
1096.98191926044
1708.58939645896
2871.93594966795
2260.32847246942
1096.98191926044
-504.227243818871
107.380233379651
1270.72678658864
659.119309390117
-504.227243818871
-2386.56150760605
-2386.56150760605
-1774.95403040753
-173.744867328222
1708.58939645896
107.380233379651
-1774.95403040753
-611.607477198541
989.601685880766
2871.93594966795
1270.72678658864
-611.607477198541
-1223.21495439706
377.994208682244
2260.32847246942
659.119309390117
-1223.21495439706
-2386.56150760605
-785.352344526744
-173.744867328222
989.601685880766
377.994208682244
-785.352344526744
1096.98191926044
1708.58939645896
2871.93594966795
2260.32847246942
1096.98191926044
-504.227243818871
107.380233379651
1270.72678658864
659.119309390117
-504.227243818871
-2386.56150760605
-1774.95403040753
-1163.34655320901
437.8626098703
2320.19687365748
718.987710578173
-1163.34655320901
-1.93267624126747e-11
1601.20916307929
3483.54342686647
1882.33426378716
-1.9554136088118e-11
-611.607477198542
989.601685880765
2871.93594966795
1270.72678658864
-611.607477198542
-1774.95403040753
-173.744867328223
437.862609870299
1601.20916307929
989.601685880765
-173.744867328223
1708.58939645896
2320.19687365748
3483.54342686647
2871.93594966795
1708.58939645896
107.38023337965
718.987710578172
1882.33426378716
1270.72678658864
107.38023337965
-1774.95403040753
-1774.95403040753
-1163.34655320901
-1774.95403040753
-1774.95403040753
-1163.34655320901
-1163.34655320901
437.862609870299
2320.19687365748
718.987710578172
-1163.34655320901
-2.02362571144477e-11
1601.20916307929
3483.54342686647
1882.33426378716
-2.04636307898909e-11
-611.607477198542
-611.607477198542
-2.03499439521693e-11
-2.04711848498125e-11
-611.607477198542
-1223.21495439706
-1223.21495439706
-611.607477198542
-611.607477198542
989.601685880765
2871.93594966794
1270.72678658864
-611.607477198542
-1774.95403040753
-173.744867328223
-785.352344526745
-785.352344526745
-173.744867328223
-173.744867328223
437.862609870299
-173.744867328223
-173.744867328223
437.862609870299
437.862609870299
1601.20916307929
989.601685880765
989.601685880765
1601.20916307929
1601.20916307929
989.601685880765
377.994208682243
377.994208682243
989.601685880765
989.601685880765
-173.744867328223
1708.58939645896
1096.98191926044
1096.98191926044
1708.58939645896
1708.58939645896
2320.19687365748
1708.58939645896
1708.58939645896
2320.19687365748
2320.19687365748
3483.54342686647
2871.93594966794
2871.93594966794
3483.54342686647
3483.54342686647
2871.93594966794
2260.32847246942
2260.32847246942
2871.93594966794
2871.93594966794
1708.58939645896
107.38023337965
-504.227243818872
-504.227243818872
107.38023337965
107.38023337965
718.987710578172
107.38023337965
107.38023337965
718.987710578172
718.987710578172
1882.33426378716
1270.72678658864
1270.72678658864
1882.33426378716
1882.33426378716
1270.72678658864
659.119309390116
659.119309390116
1270.72678658864
1270.72678658864
107.380233379649
-1774.95403040753
-3754.1574021691
-5636.49166595628
-3657.28829419471
-1774.95403040753
-173.744867328224
-2152.94823908979
-4035.28250287697
-2056.0791311154
-173.744867328224
-785.352344526746
-173.744867328224
1427.46429575108
3309.79855953826
1708.58939645896
-173.744867328224
989.601685880764
2590.81084896007
4473.14511274725
2871.93594966794
989.601685880764
377.994208682242
1979.20337176155
3861.53763554873
2260.32847246942
377.994208682242
-785.352344526746
815.856818552561
1427.46429575108
2590.81084896007
1979.20337176155
815.856818552561
2698.19108233974
3309.79855953826
4473.14511274725
3861.53763554873
2698.19108233974
1096.98191926043
1708.58939645896
2871.93594966794
2260.32847246942
1096.98191926043
-785.352344526746
-785.352344526746
-173.744867328224
1427.46429575108
3309.79855953826
1708.58939645896
-173.744867328224
989.601685880764
2590.81084896007
4473.14511274725
2871.93594966794
989.601685880764
377.994208682242
1979.20337176155
3861.53763554873
2260.32847246942
377.994208682242
-785.352344526746
815.856818552561
1427.46429575108
2590.81084896007
1979.20337176155
815.856818552561
2698.19108233974
3309.79855953826
4473.14511274725
3861.53763554873
2698.19108233974
1096.98191926043
1708.58939645896
2871.93594966794
2260.32847246942
1096.98191926043
-785.352344526746
-173.744867328224
437.862609870298
2039.07177294961
3921.40603673679
2320.19687365748
437.862609870298
1601.20916307929
3202.41832615859
5084.75258994577
3483.54342686647
1601.20916307929
989.601685880764
2590.81084896007
4473.14511274725
2871.93594966794
989.601685880764
-173.744867328224
1427.46429575108
2039.07177294961
3202.41832615859
2590.81084896007
1427.46429575108
3309.79855953826
3921.40603673679
5084.75258994577
4473.14511274725
3309.79855953826
1708.58939645896
2320.19687365748
3483.54342686647
2871.93594966794
1708.58939645896
-173.744867328224
-173.744867328225
437.862609870297
-173.744867328224
-173.744867328224
437.862609870298
437.862609870297
2039.0717729496
3921.40603673678
2320.19687365748
437.862609870298
1601.20916307929
3202.41832615859
5084.75258994577
3483.54342686647
1601.20916307929
989.601685880763
989.601685880764
1601.20916307929
1601.20916307928
989.601685880763
377.994208682241
377.994208682241
989.601685880763
989.601685880763
2590.81084896007
4473.14511274725
2871.93594966794
989.601685880763
-173.744867328225
1427.46429575108
815.85681855256
815.85681855256
1427.46429575108
1427.46429575108
2039.0717729496
1427.46429575108
1427.46429575108
2039.0717729496
2039.0717729496
3202.41832615859
2590.81084896007
2590.81084896007
3202.41832615859
3202.41832615859
2590.81084896007
1979.20337176155
1979.20337176155
2590.81084896007
2590.81084896007
1427.46429575108
3309.79855953826
2698.19108233974
2698.19108233974
3309.79855953826
3309.79855953826
3921.40603673678
3309.79855953826
3309.79855953826
3921.40603673678
3921.40603673678
5084.75258994577
4473.14511274725
4473.14511274725
5084.75258994577
5084.75258994577
4473.14511274725
3861.53763554873
3861.53763554873
4473.14511274725
4473.14511274725
3309.79855953826
1708.58939645896
1096.98191926043
1096.98191926043
1708.58939645896
1708.58939645896
2320.19687365748
1708.58939645896
1708.58939645896
2320.19687365748
2320.19687365748
3483.54342686646
2871.93594966794
2871.93594966794
3483.54342686646
3483.54342686646
2871.93594966794
2260.32847246942
2260.32847246942
2871.93594966794
2871.93594966794
1708.58939645895
-173.744867328225
989.601685880762
377.99420868224
-1601.20916307933
-3483.54342686651
-1504.34005510494
377.99420868224
-1223.21495439707
-3202.41832615864
-5084.75258994582
-3105.54921818425
-1223.21495439707
-2386.56150760605
-4365.76487936762
-6248.0991431548
-4268.89577139323
-2386.56150760605
-785.352344526747
-2764.55571628832
-4646.8899800755
-2667.68660831393
-785.352344526747
377.99420868224
989.601685880762
2590.81084896007
4473.14511274725
2871.93594966794
989.601685880762
2152.94823908975
3754.15740216906
5636.49166595624
4035.28250287693
2152.94823908975
1541.34076189123
3142.54992497053
5024.88418875771
3423.67502567841
1541.34076189123
377.99420868224
1979.20337176155
2590.81084896007
3754.15740216906
3142.54992497053
1979.20337176155
3861.53763554873
4473.14511274725
5636.49166595624
5024.88418875771
3861.53763554873
2260.32847246942
2871.93594966794
4035.28250287693
3423.67502567841
2260.32847246942
377.994208682239
377.994208682239
989.601685880761
2590.81084896007
4473.14511274725
2871.93594966794
989.601685880761
2152.94823908975
3754.15740216906
5636.49166595624
4035.28250287693
2152.94823908975
1541.34076189123
3142.54992497053
5024.88418875771
3423.67502567841
1541.34076189123
377.99420868224
1979.20337176155
2590.81084896007
3754.15740216906
3142.54992497053
1979.20337176155
3861.53763554873
4473.14511274725
5636.49166595624
5024.88418875771
3861.53763554873
2260.32847246942
2871.93594966794
4035.28250287693
3423.67502567841
2260.32847246942
377.994208682239
-1601.20916307933
-3483.54342686651
-1504.34005510494
377.99420868224
-1223.21495439707
-3202.41832615864
-5084.75258994582
-3105.54921818425
-1223.21495439707
-2386.56150760605
-4365.76487936762
-6248.0991431548
-4268.89577139324
-2386.56150760605
-785.352344526748
-2764.55571628832
-4646.8899800755
-2667.68660831393
-785.352344526748
377.994208682239
989.601685880761
-989.601685880809
-2871.93594966799
-892.732577906419
989.601685880761
-611.607477198546
-2590.81084896012
-4473.1451127473
-2493.94174098573
-611.607477198546
-1774.95403040753
-3754.1574021691
-5636.49166595628
-3657.28829419471
-1774.95403040753
-173.744867328227
-2152.9482390898
-4035.28250287698
-2056.07913111541
-173.744867328227
989.601685880761
1601.20916307928
3202.41832615859
5084.75258994577
3483.54342686646
1601.20916307928
2764.55571628827
4365.76487936758
6248.09914315476
4646.88998007545
2764.55571628827
2152.94823908975
3754.15740216906
5636.49166595624
4035.28250287693
2152.94823908975
989.601685880762
2590.81084896007
3202.41832615859
4365.76487936758
3754.15740216906
2590.81084896007
4473.14511274725
5084.75258994577
6248.09914315476
5636.49166595624
4473.14511274725
2871.93594966794
3483.54342686646
4646.88998007545
4035.28250287693
2871.93594966794
989.601685880762
989.601685880761
1601.20916307928
-377.994208682286
-2260.32847246947
-281.125100707897
1601.20916307928
-2.36468622460961e-11
-1979.20337176159
-3861.53763554877
-1882.3342637872
-2.34194885706529e-11
-1163.34655320901
-3142.54992497058
-5024.88418875776
-3045.68081699619
-1163.34655320901
437.862609870296
-1541.34076189127
-3423.67502567845
-1444.47165391688
437.862609870296
1601.20916307928
989.601685880761
-989.601685880808
-2871.93594966799
-892.732577906419
989.601685880761
-611.607477198545
-2590.81084896012
-4473.1451127473
-2493.94174098573
-611.607477198546
-1774.95403040753
-3754.1574021691
-5636.49166595628
-3657.28829419471
-1774.95403040753
-173.744867328227
-2152.9482390898
-4035.28250287698
-2056.07913111541
-173.744867328227
989.601685880761
989.601685880761
-989.601685880809
-2871.93594966799
-892.732577906419
989.601685880761
-611.607477198546
-2590.81084896012
-4473.1451127473
-2493.94174098573
-611.607477198546
-1774.95403040753
-3754.1574021691
-5636.49166595628
-3657.28829419471
-1774.95403040753
-173.744867328227
-2152.9482390898
-4035.28250287698
-2056.07913111541
-173.744867328227
989.601685880761
1601.20916307928
-377.994208682287
-2260.32847246947
-281.125100707898
1601.20916307928
-2.45563569478691e-11
-1979.20337176159
-3861.53763554877
-1882.3342637872
-2.43289832724258e-11
-1163.34655320901
-3142.54992497058
-5024.88418875776
-3045.68081699619
-1163.34655320901
437.862609870295
-1541.34076189128
-3423.67502567846
-1444.47165391689
437.862609870295
1601.20916307928
1601.20916307928
3202.41832615859
5084.75258994577
3483.54342686646
1601.20916307928
2764.55571628827
4365.76487936758
6248.09914315476
4646.88998007545
2764.55571628827
785.3523445267
-1096.98191926048
882.22145250109
2764.55571628827
1163.34655320896
-815.856818552607
-2698.19108233979
-718.987710578217
1163.34655320896
-2.47837306233123e-11
-1979.20337176159
-3861.53763554877
-1882.3342637872
-2.47837306233123e-11
1601.20916307928
-377.994208682288
-2260.32847246947
-281.125100707898
1601.20916307928
2764.55571628827
2152.94823908975
173.744867328178
-1708.589396459
270.613975302568
2152.94823908975
551.739076010441
-1427.46429575113
-3309.79855953831
-1330.59518777674
551.739076010441
-611.607477198547
-2590.81084896012
-4473.1451127473
-2493.94174098573
-611.607477198547
989.60168588076
-989.60168588081
-2871.93594966799
-892.73257790642
989.60168588076
2152.94823908975
2152.94823908975
173.744867328178
-1708.589396459
270.613975302567
2152.94823908975
551.739076010441
-1427.46429575113
-3309.79855953831
-1330.59518777674
551.739076010441
-611.607477198547
-2590.81084896012
-4473.1451127473
-2493.94174098573
-611.607477198548
989.601685880759
-989.601685880811
-2871.93594966799
-892.732577906421
989.601685880759
2152.94823908975
2764.55571628827
785.352344526699
-1096.98191926048
882.221452501088
2764.55571628827
1163.34655320896
-815.856818552608
-2698.19108233979
-718.987710578219
1163.34655320896
-2.61479726759717e-11
-1979.2033717616
-3861.53763554878
-1882.33426378721
-2.61479726759717e-11
1601.20916307928
-377.994208682289
-2260.32847246947
-281.1251007079
1601.20916307928
2764.55571628827
2764.55571628827
2152.94823908975
173.744867328176
-1708.589396459
270.613975302565
2152.94823908975
551.739076010439
-1427.46429575113
-3309.79855953831
-1330.59518777674
551.739076010439
-611.607477198549
-2590.81084896012
-4473.1451127473
-2493.94174098573
-611.60747719855
989.601685880757
-989.601685880813
-2871.93594966799
-892.732577906423
989.601685880757
2152.94823908974
1541.34076189122
-437.862609870347
-2320.19687365753
-340.993501895957
1541.34076189122
-59.8684011880841
-2039.07177294965
-3921.40603673683
-1942.20266497526
-59.8684011880839
-1223.21495439707
-3202.41832615864
-5084.75258994582
-3105.54921818425
-1223.21495439707
377.994208682235
-1601.20916307933
-3483.54342686651
-1504.34005510495
377.994208682235
1541.34076189122
1541.34076189122
-437.862609870347
-2320.19687365753
-340.993501895957
1541.34076189122
-59.8684011880841
-2039.07177294965
-3921.40603673683
-1942.20266497526
-59.8684011880839
-1223.21495439707
-3202.41832615864
-5084.75258994582
-3105.54921818425
-1223.21495439707
377.994208682235
-1601.20916307933
-3483.54342686651
-1504.34005510495
377.994208682235
1541.34076189122
2152.94823908974
173.744867328175
-1708.58939645901
270.613975302565
2152.94823908974
551.739076010438
-1427.46429575113
-3309.79855953831
-1330.59518777674
551.739076010438
-611.60747719855
-2590.81084896012
-4473.1451127473
-2493.94174098573
-611.60747719855
989.601685880757
-989.601685880813
-2871.93594966799
-892.732577906423
989.601685880757
2152.94823908974
2152.94823908974
3754.15740216905
5636.49166595623
4035.28250287692
2152.94823908974
989.601685880756
2590.81084896006
611.607477198494
-1270.72678658869
708.476585172883
2590.81084896006
989.601685880757
-989.601685880813
-2871.93594966799
-892.732577906423
989.601685880757
-173.744867328231
-2152.9482390898
-4035.28250287698
-2056.07913111541
-173.744867328231
1427.46429575108
-551.739076010494
-2434.07333979767
-454.869968036104
1427.46429575108
2590.81084896006
1979.20337176154
-2.79669620795175e-11
-1882.33426378721
96.8691079743617
1979.20337176154
377.994208682235
-1601.20916307933
-3483.54342686651
-1504.34005510495
377.994208682235
-785.352344526753
-2764.55571628832
-4646.8899800755
-2667.68660831393
-785.352344526753
815.856818552554
-1163.34655320902
-3045.6808169962
-1066.47744523463
815.856818552554
1979.20337176154
1979.20337176154
-2.79669620795175e-11
-1882.33426378721
96.8691079743617
1979.20337176154
377.994208682235
-1601.20916307933
-3483.54342686651
-1504.34005510495
377.994208682235
-785.352344526753
-2764.55571628832
-4646.8899800755
-2667.68660831393
-785.352344526753
815.856818552554
-1163.34655320902
-3045.6808169962
-1066.47744523463
815.856818552554
1979.20337176154
2590.81084896006
611.607477198494
-1270.72678658869
708.476585172883
2590.81084896006
989.601685880757
-989.601685880813
-2871.93594966799
-892.732577906423
989.601685880757
-173.744867328231
-2152.9482390898
-4035.28250287698
-2056.07913111541
-173.744867328231
1427.46429575108
-551.739076010494
-2434.07333979767
-454.869968036104
1427.46429575108
2590.81084896006
2590.81084896006
3202.41832615859
1223.21495439702
-659.119309390164
1320.08406237141
3202.41832615859
1601.20916307928
-377.994208682291
-2260.32847246947
-281.125100707901
1601.20916307928
437.862609870291
-1541.34076189128
-3423.67502567846
-1444.47165391689
437.862609870291
2039.0717729496
59.8684011880284
-1822.46586259915
156.737509162418
2039.0717729496
3202.41832615859
2590.81084896006
611.607477198494
-1270.72678658869
708.476585172884
2590.81084896006
989.601685880757
-989.601685880813
-2871.93594966799
-892.732577906423
989.601685880757
-173.74486732823
-2152.9482390898
-4035.28250287698
-2056.07913111541
-173.744867328231
1427.46429575108
-551.739076010494
-2434.07333979767
-454.869968036104
1427.46429575108
2590.81084896006
2590.81084896006
611.607477198494
-1270.72678658869
708.476585172883
2590.81084896006
989.601685880757
-989.601685880813
-2871.93594966799
-892.732577906423
989.601685880757
-173.744867328231
-2152.9482390898
-4035.28250287698
-2056.07913111541
-173.744867328231
1427.46429575108
-551.739076010494
-2434.07333979767
-454.869968036104
1427.46429575108
2590.81084896006
3202.41832615859
1223.21495439702
-659.119309390165
1320.08406237141
3202.41832615859
1601.20916307928
-377.994208682291
-2260.32847246947
-281.125100707902
1601.20916307928
437.862609870291
-1541.34076189128
-3423.67502567846
-1444.47165391689
437.862609870291
2039.0717729496
59.868401188028
-1822.46586259915
156.737509162418
2039.0717729496
3202.41832615859
3202.41832615859
4365.76487936757
2386.561507606
504.227243818824
2483.43061558039
4365.76487936757
2764.55571628827
785.352344526697
-1096.98191926048
882.221452501087
2764.55571628827
1601.20916307928
-377.99420868229
-2260.32847246947
-281.125100707901
1601.20916307928
3202.41832615859
1223.21495439702
-659.119309390164
1320.08406237141
3202.41832615859
4365.76487936757
3754.15740216905
1774.95403040748
-107.380233379697
1871.82313838187
3754.15740216905
2152.94823908975
173.744867328176
-1708.589396459
270.613975302565
2152.94823908975
989.601685880758
-989.601685880812
-2871.93594966799
-892.732577906422
989.601685880758
2590.81084896006
611.607477198495
-1270.72678658868
708.476585172885
2590.81084896006
3754.15740216905
3754.15740216905
1774.95403040748
-107.380233379697
1871.82313838187
3754.15740216905
2152.94823908975
173.744867328176
-1708.589396459
270.613975302565
2152.94823908975
989.601685880758
-989.601685880812
-2871.93594966799
-892.732577906422
989.601685880758
2590.81084896006
611.607477198495
-1270.72678658868
708.476585172885
2590.81084896006
3754.15740216905
4365.76487936757
2386.561507606
504.227243818825
2483.43061558039
4365.76487936757
2764.55571628827
785.352344526698
-1096.98191926048
882.221452501088
2764.55571628827
1601.20916307928
-377.99420868229
-2260.32847246947
-281.1251007079
1601.20916307928
3202.41832615859
1223.21495439702
-659.119309390163
1320.08406237141
3202.41832615859
4365.76487936757
4365.76487936757
3754.15740216905
1774.95403040748
-107.380233379698
1871.82313838187
3754.15740216905
2152.94823908975
173.744867328176
-1708.589396459
270.613975302565
2152.94823908975
989.601685880758
-989.601685880812
-2871.93594966799
-892.732577906422
989.601685880758
2590.81084896006
611.607477198495
-1270.72678658868
708.476585172885
2590.81084896006
3754.15740216905
3142.54992497053
1163.34655320896
-718.987710578219
1260.21566118335
3142.54992497053
1541.34076189122
-437.862609870346
-2320.19687365753
-340.993501895956
1541.34076189122
377.994208682236
-1601.20916307933
-3483.54342686651
-1504.34005510494
377.994208682236
1979.20337176154
-2.66027200268582e-11
-1882.33426378721
96.869107974363
1979.20337176154
3142.54992497053
3142.54992497053
1163.34655320896
-718.987710578219
1260.21566118335
3142.54992497053
1541.34076189122
-437.862609870346
-2320.19687365753
-340.993501895956
1541.34076189122
377.994208682236
-1601.20916307933
-3483.54342686651
-1504.34005510494
377.994208682236
1979.20337176154
-2.66027200268582e-11
-1882.33426378721
96.869107974363
1979.20337176154
3142.54992497053
3754.15740216905
1774.95403040748
-107.380233379697
1871.82313838187
3754.15740216905
2152.94823908975
173.744867328176
-1708.589396459
270.613975302565
2152.94823908975
989.601685880758
-989.601685880812
-2871.93594966799
-892.732577906422
989.601685880758
2590.81084896006
611.607477198495
-1270.72678658868
708.476585172885
2590.81084896006
3754.15740216905
3754.15740216905
2590.81084896006
4473.14511274724
2493.94174098568
611.607477198495
2590.81084896006
4473.14511274724
2871.93594966794
892.732577906368
-989.601685880812
989.601685880758
2871.93594966794
1708.58939645895
-270.613975302619
-2152.9482390898
-173.744867328229
1708.58939645895
3309.79855953826
1330.59518777669
-551.739076010492
1427.46429575108
3309.79855953826
4473.14511274724
3861.53763554872
1882.33426378715
-2.70574673777446e-11
1979.20337176154
3861.53763554872
2260.32847246942
281.125100707846
-1601.20916307933
377.994208682236
2260.32847246942
1096.98191926043
-882.221452501142
-2764.55571628832
-785.352344526752
1096.98191926043
2698.19108233974
718.987710578165
-1163.34655320901
815.856818552555
2698.19108233974
3861.53763554872
3861.53763554872
1882.33426378715
-2.70574673777446e-11
1979.20337176154
3861.53763554872
2260.32847246942
281.125100707846
-1601.20916307933
377.994208682236
2260.32847246942
1096.98191926043
-882.221452501142
-2764.55571628832
-785.352344526752
1096.98191926043
2698.19108233974
718.987710578165
-1163.34655320901
815.856818552555
2698.19108233974
3861.53763554872
4473.14511274724
2493.94174098568
611.607477198495
2590.81084896006
4473.14511274724
2871.93594966794
892.732577906368
-989.601685880812
989.601685880758
2871.93594966794
1708.58939645895
-270.613975302619
-2152.9482390898
-173.744867328229
1708.58939645895
3309.79855953826
1330.59518777669
-551.739076010492
1427.46429575108
3309.79855953826
4473.14511274724
4473.14511274724
5084.75258994577
3105.5492181842
1223.21495439702
3202.41832615859
5084.75258994577
3483.54342686646
1504.34005510489
-377.99420868229
1601.20916307928
3483.54342686646
2320.19687365747
340.993501895903
-1541.34076189128
437.862609870293
2320.19687365747
3921.40603673678
1942.20266497521
59.8684011880293
2039.0717729496
3921.40603673678
5084.75258994577
4473.14511274724
2493.94174098568
611.607477198495
2590.81084896006
4473.14511274724
2871.93594966794
892.732577906368
-989.601685880812
989.601685880758
2871.93594966794
1708.58939645895
-270.613975302619
-2152.9482390898
-173.744867328229
1708.58939645895
3309.79855953826
1330.59518777669
-551.739076010492
1427.46429575108
3309.79855953826
4473.14511274724
4473.14511274724
2493.94174098568
611.607477198495
2590.81084896006
4473.14511274724
2871.93594966794
892.732577906368
-989.601685880812
989.601685880758
2871.93594966794
1708.58939645895
-270.613975302619
-2152.9482390898
-173.744867328229
1708.58939645895
3309.79855953826
1330.59518777669
-551.739076010492
1427.46429575108
3309.79855953826
4473.14511274724
5084.75258994577
3105.5492181842
1223.21495439702
3202.41832615859
5084.75258994577
3483.54342686646
1504.34005510489
-377.99420868229
1601.20916307928
3483.54342686646
2320.19687365747
340.993501895903
-1541.34076189128
437.862609870293
2320.19687365747
3921.40603673678
1942.20266497521
59.8684011880293
2039.0717729496
3921.40603673678
5084.75258994577
5084.75258994577
6248.09914315475
4268.89577139318
2386.561507606
4365.76487936757
6248.09914315475
4646.88998007545
2667.68660831388
785.352344526698
2764.55571628827
4646.88998007545
3483.54342686646
1504.34005510489
-377.99420868229
1601.20916307928
3483.54342686646
5084.75258994577
3105.5492181842
1223.21495439702
3202.41832615859
5084.75258994577
6248.09914315475
5636.49166595623
3657.28829419466
1774.95403040748
3754.15740216905
5636.49166595623
4035.28250287693
2056.07913111536
173.744867328177
2152.94823908975
4035.28250287693
2871.93594966794
892.732577906369
-989.601685880811
989.601685880759
2871.93594966794
4473.14511274725
2493.94174098568
611.607477198496
2590.81084896007
4473.14511274725
5636.49166595623
5636.49166595623
3657.28829419466
1774.95403040748
3754.15740216905
5636.49166595623
4035.28250287693
2056.07913111536
173.744867328177
2152.94823908975
4035.28250287693
2871.93594966794
892.732577906369
-989.601685880811
989.601685880759
2871.93594966794
4473.14511274725
2493.94174098568
611.607477198496
2590.81084896007
4473.14511274725
5636.49166595623
6248.09914315476
4268.89577139319
2386.56150760601
4365.76487936758
6248.09914315476
4646.88998007545
2667.68660831388
785.352344526699
2764.55571628827
4646.88998007545
3483.54342686646
1504.34005510489
-377.994208682289
1601.20916307928
3483.54342686646
5084.75258994577
3105.5492181842
1223.21495439702
3202.41832615859
5084.75258994577
6248.09914315476
6248.09914315476
5636.49166595623
3657.28829419466
1774.95403040748
3754.15740216905
5636.49166595623
4035.28250287693
2056.07913111536
173.744867328177
2152.94823908975
4035.28250287693
2871.93594966794
892.732577906369
-989.601685880811
989.601685880759
2871.93594966794
4473.14511274725
2493.94174098568
611.607477198496
2590.81084896007
4473.14511274725
5636.49166595623
5024.88418875771
3045.68081699614
1163.34655320896
3142.54992497053
5024.88418875771
3423.6750256784
1444.47165391683
-437.862609870346
1541.34076189122
3423.6750256784
2260.32847246942
281.125100707847
-1601.20916307933
377.994208682237
2260.32847246942
3861.53763554872
1882.33426378715
-2.66027200268582e-11
1979.20337176154
3861.53763554872
5024.88418875771
5024.88418875771
3045.68081699614
1163.34655320896
3142.54992497053
5024.88418875771
3423.6750256784
1444.47165391683
-437.862609870346
1541.34076189122
3423.6750256784
2260.32847246942
281.125100707847
-1601.20916307933
377.994208682237
2260.32847246942
3861.53763554872
1882.33426378715
-2.66027200268582e-11
1979.20337176154
3861.53763554872
5024.88418875771
5636.49166595623
3657.28829419466
1774.95403040748
3754.15740216905
5636.49166595623
4035.28250287693
2056.07913111536
173.744867328177
2152.94823908975
4035.28250287693
2871.93594966794
892.732577906369
-989.601685880811
989.601685880759
2871.93594966794
4473.14511274725
2493.94174098568
611.607477198496
2590.81084896007
4473.14511274725
5636.49166595623
5636.49166595623
4473.14511274725
2871.93594966794
892.732577906369
-989.601685880811
989.601685880758
2871.93594966794
1270.72678658863
-708.476585172938
-2590.81084896012
-611.607477198548
1270.72678658863
107.380233379644
-1871.82313838193
-3754.15740216911
-1774.95403040754
107.380233379644
1708.58939645895
-270.613975302619
-2152.9482390898
-173.744867328229
1708.58939645895
2871.93594966794
2260.32847246942
281.125100707847
-1601.20916307933
377.994208682236
2260.32847246942
659.119309390109
-1320.08406237146
-3202.41832615864
-1223.21495439707
659.119309390109
-504.227243818878
-2483.43061558045
-4365.76487936763
-2386.56150760606
-504.227243818878
1096.98191926043
-882.221452501141
-2764.55571628832
-785.352344526752
1096.98191926043
2260.32847246942
2260.32847246942
281.125100707846
-1601.20916307933
377.994208682236
2260.32847246942
659.119309390109
-1320.08406237146
-3202.41832615864
-1223.21495439707
659.119309390109
-504.227243818879
-2483.43061558045
-4365.76487936763
-2386.56150760606
-504.227243818879
1096.98191926043
-882.221452501142
-2764.55571628832
-785.352344526753
1096.98191926043
2260.32847246941
2871.93594966794
892.732577906367
-989.601685880813
989.601685880757
2871.93594966794
1270.72678658863
-708.47658517294
-2590.81084896012
-611.60747719855
1270.72678658863
107.380233379642
-1871.82313838193
-3754.15740216911
-1774.95403040754
107.380233379642
1708.58939645895
-270.613975302621
-2152.9482390898
-173.744867328231
1708.58939645895
2871.93594966794
2871.93594966794
3483.54342686646
1504.34005510489
-377.994208682291
1601.20916307928
3483.54342686646
1882.33426378715
-96.8691079744181
-1979.2033717616
-2.8421709430404e-11
1882.33426378715
718.987710578164
-1260.21566118341
-3142.54992497059
-1163.34655320902
718.987710578164
2320.19687365747
340.993501895901
-1541.34076189128
437.862609870291
2320.19687365747
3483.54342686646
2871.93594966794
892.732577906367
-989.601685880813
989.601685880757
2871.93594966794
1270.72678658863
-708.47658517294
-2590.81084896012
-611.60747719855
1270.72678658863
107.380233379642
-1871.82313838193
-3754.15740216911
-1774.95403040754
107.380233379642
1708.58939645895
-270.613975302621
-2152.9482390898
-173.744867328231
1708.58939645895
2871.93594966794
2871.93594966794
892.732577906366
-989.601685880814
989.601685880756
2871.93594966794
1270.72678658863
-708.47658517294
-2590.81084896012
-611.607477198551
1270.72678658863
107.380233379642
-1871.82313838193
-3754.15740216911
-1774.95403040754
107.380233379642
1708.58939645895
-270.613975302621
-2152.9482390898
-173.744867328231
1708.58939645895
2871.93594966794
3483.54342686646
1504.34005510489
-377.994208682292
1601.20916307928
3483.54342686646
1882.33426378715
-96.8691079744185
-1979.2033717616
-2.88764567812905e-11
1882.33426378715
718.987710578164
-1260.21566118341
-3142.54992497059
-1163.34655320902
718.987710578164
2320.19687365747
340.993501895901
-1541.34076189128
437.86260987029
2320.19687365747
3483.54342686646
3483.54342686646
4646.88998007545
2667.68660831388
785.352344526696
2764.55571628827
4646.88998007545
3045.68081699614
1066.47744523457
-815.85681855261
1163.34655320896
3045.68081699614
1882.33426378715
-96.8691079744178
-1979.2033717616
-2.81943357549608e-11
1882.33426378715
3483.54342686646
1504.34005510489
-377.994208682291
1601.20916307928
3483.54342686646
4646.88998007545
4035.28250287692
2056.07913111535
173.744867328174
2152.94823908974
4035.28250287692
2434.07333979762
454.869968036048
-1427.46429575113
551.739076010437
2434.07333979762
1270.72678658863
-708.47658517294
-2590.81084896012
-611.60747719855
1270.72678658863
2871.93594966794
892.732577906367
-989.601685880813
989.601685880757
2871.93594966794
4035.28250287692
4035.28250287692
2056.07913111535
173.744867328174
2152.94823908974
4035.28250287692
2434.07333979762
454.869968036048
-1427.46429575113
551.739076010437
2434.07333979762
1270.72678658863
-708.47658517294
-2590.81084896012
-611.60747719855
1270.72678658863
2871.93594966794
892.732577906367
-989.601685880813
989.601685880757
2871.93594966794
4035.28250287692
4646.88998007545
2667.68660831388
785.352344526696
2764.55571628827
4646.88998007545
3045.68081699614
1066.47744523457
-815.85681855261
1163.34655320896
3045.68081699614
1882.33426378715
-96.8691079744178
-1979.2033717616
-2.81943357549608e-11
1882.33426378715
3483.54342686646
1504.34005510489
-377.994208682291
1601.20916307928
3483.54342686646
4646.88998007545
4646.88998007545
4035.28250287692
2056.07913111535
173.744867328174
2152.94823908974
4035.28250287692
2434.07333979762
454.869968036048
-1427.46429575113
551.739076010437
2434.07333979762
1270.72678658863
-708.47658517294
-2590.81084896012
-611.60747719855
1270.72678658863
2871.93594966794
892.732577906367
-989.601685880813
989.601685880757
2871.93594966794
4035.28250287692
3423.6750256784
1444.47165391683
-437.862609870347
1541.34076189122
3423.6750256784
1822.4658625991
-156.737509162474
-2039.07177294965
-59.8684011880844
1822.4658625991
659.119309390108
-1320.08406237146
-3202.41832615864
-1223.21495439707
659.119309390108
2260.32847246941
281.125100707845
-1601.20916307933
377.994208682235
2260.32847246941
3423.6750256784
3423.6750256784
1444.47165391683
-437.862609870347
1541.34076189122
3423.6750256784
1822.4658625991
-156.737509162474
-2039.07177294965
-59.8684011880844
1822.4658625991
659.119309390108
-1320.08406237146
-3202.41832615864
-1223.21495439707
659.119309390108
2260.32847246941
281.125100707845
-1601.20916307933
377.994208682235
2260.32847246941
3423.6750256784
4035.28250287692
2056.07913111535
173.744867328174
2152.94823908974
4035.28250287692
2434.07333979762
454.869968036048
-1427.46429575113
551.739076010437
2434.07333979762
1270.72678658863
-708.47658517294
-2590.81084896012
-611.60747719855
1270.72678658863
2871.93594966794
892.732577906367
-989.601685880813
989.601685880757
2871.93594966794
4035.28250287692
4035.28250287692
2871.93594966794
